63,93,1,1.7737
80,105,1,0.89809
81,93,2,1.1495
100,118,2,1.1057
72,69,1,0.73355
116,73,2,0.89725
114,89,1,1.0289
78,83,1,0.78877
80,99,1,1.0404
85,91,2,1.2162
86,114,1,0.8871
87,98,1,0.77745
76,119,1,0.64558
100,112,1,0.90877
104,110,1,0.94177
97,77,2,0.78756
120,72,2,0.84317
79,68,2,0.91951
102,90,1,0.75575
110,73,2,0.79965
93,117,1,0.77746
91,107,1,0.67868
100,70,2,0.99603
110,107,2,0.76602
69,120,1,0.84309
90,62,2,0.82037
110,76,2,0.77711
80,93,2,1.0629
70,94,1,1.138
101,110,1,1.1276
71,61,2,1.588
62,65,2,1.3032
91,112,1,1.0077
115,79,2,1.325
99,74,2,0.77663
109,62,2,0.93027
79,77,2,0.88672
73,111,1,0.75531
62,101,1,0.80995
95,79,2,1.3029
103,69,2,1.9815
109,67,1,1.0513
108,99,1,0.87499
64,89,1,0.76634
114,71,2,0.78889
110,112,1,1.1053
106,67,2,0.89837
109,94,2,1.905
84,96,2,1.5208
115,103,2,0.8864
63,79,1,0.84249
117,89,2,1.1277
120,65,2,0.95366
80,79,2,1.5662
72,74,1,1.543
84,104,2,2.3426
61,105,1,1.1284
63,109,1,0.8212
91,65,2,1.0397
76,87,1,0.8543
64,118,1,0.85488
103,96,2,2.7478
66,64,2,0.90894
98,74,2,0.70075
73,107,1,0.73382
96,109,1,1.1604
73,85,1,0.86487
64,110,1,0.74459
100,94,2,0.84206
78,61,2,1.0069
118,89,1,0.99658
69,108,1,0.74499
61,115,1,0.7669
98,86,2,1.3575
90,66,2,1.1496
95,70,2,1.1824
107,88,1,0.81083
90,72,2,0.78829
69,96,1,0.88624
111,68,2,0.7878
86,117,1,0.80982
89,93,2,0.81007
82,110,1,0.7555
107,90,1,0.75504
100,108,2,1.4667
102,79,1,1.4785
84,98,1,0.99583
67,81,1,1.0285
86,72,2,0.8208
71,97,1,1.0945
72,112,1,0.75511
88,71,2,2.2544
92,90,1,2.1783
112,77,2,0.93025
101,102,2,0.86537
94,76,2,0.90901
66,101,1,0.7885
87,103,2,1.2582
112,107,2,0.84356
83,89,1,1.2471
96,120,1,0.82045
82,65,2,0.94244
74,93,1,0.89766
116,78,2,0.70081
94,66,2,0.91911
71,67,1,0.74507
79,75,2,1.1158
88,100,1,0.97389
66,87,1,0.90815
109,61,2,0.92999
94,65,2,0.97428
64,95,1,0.86467
93,88,2,1.1276
107,67,1,0.88701
90,106,1,1.0734
91,102,2,0.97503
75,71,1,1.0397
113,88,2,0.7772
111,95,1,1.4449
70,73,1,1.5759
71,100,1,0.86436
114,94,2,1.5758
120,99,1,1.7081
79,67,2,2.6486
116,103,2,1.259
73,91,1,1.5334
100,109,2,2.1799
101,64,2,1.1497
79,86,1,1.7725
92,95,1,2.2652
83,102,2,1.4559
111,66,2,0.97496
91,89,1,1.0075
77,106,1,0.7994
92,63,2,0.99592
106,75,2,0.83159
111,90,2,1.2921
64,69,2,0.7218
116,108,2,0.87534
106,79,2,1.117
90,77,2,0.95261
107,92,1,0.93077
79,62,2,0.96269
78,64,2,2.968
91,106,1,1.3908
71,103,1,1.3685
101,70,2,0.74397
73,113,1,0.96329
62,104,1,0.6236
94,92,1,1.0404
72,66,1,3.8315
99,104,2,0.98541
74,100,1,0.92996
71,112,1,0.73295
65,102,2,1.3574
75,89,1,0.79959
96,71,2,0.84327
72,68,1,2.9883
86,83,2,1.4442
97,108,1,0.91976
81,63,2,0.73374
114,90,2,0.83156
107,119,1,1.0612
101,114,1,0.97326
117,80,2,0.77722
91,71,2,1.7844
111,101,1,1.5653
118,67,2,0.90824
108,83,1,0.93043
73,77,1,1.4446
111,118,2,1.1061
109,75,2,1.5319
97,63,2,1.215
88,91,2,0.89742
102,109,1,1.2363
79,74,2,1.1382
114,98,1,1.1385
81,95,2,0.95181
104,80,1,0.9634
89,84,2,0.84328
100,73,2,0.97496
114,65,2,0.72231
103,78,2,0.89864
62,66,2,1.1711
93,99,1,1.0506
115,101,2,0.87581
112,92,2,1.1714
74,119,1,0.73315
99,96,2,1.6752
98,107,2,1.1819
62,80,1,0.98555
82,88,2,0.91917
109,87,1,0.96262
76,66,2,1.0297
88,110,1,0.94143
100,75,2,0.931
95,116,1,1.2923
106,72,2,1.3137
79,81,2,1.8713
80,107,2,1.1061
119,104,2,1.2364
64,71,1,2.1569
109,112,2,2.0124
87,86,2,2.1782
70,63,2,1.4996
65,66,2,1.5753
81,102,2,0.96319
78,62,2,2.0028
64,93,1,1.2038
88,86,1,1.3585
95,69,2,1.1602
68,100,1,0.88686
107,82,1,0.98502
103,67,2,1.6307
68,102,2,4.2444
93,84,1,1.773
114,99,1,2.0136
66,81,1,0.98473
112,79,2,0.99614
70,116,1,0.76532
103,73,2,1.0291
83,120,1,1.1165
118,73,2,1.0504
69,86,1,0.84287
93,83,1,0.80998
85,71,2,0.90853
90,93,2,1.0398
103,98,1,1.1273
62,93,1,1.3133
98,116,1,1.2041
86,74,2,0.88669
66,107,2,2.4306
64,77,2,1.2699
108,81,1,1.0626
86,106,1,0.98509
119,93,2,0.67862
79,69,2,1.6859
114,116,1,1.0068
81,97,2,1.991
88,65,2,1.1378
108,103,2,1.2261
113,105,1,0.94123
112,98,1,1.2482
73,90,1,1.7736
117,67,2,0.83191
92,72,2,1.084
99,100,2,0.88721
117,115,2,1.6859
100,101,2,1.0066
79,105,1,1.1939
104,73,2,1.427
63,89,1,0.86275
105,115,1,1.0999
110,109,2,1.2342
116,92,2,0.95232
87,114,1,1.0467
79,92,2,1.3152
112,96,2,0.97732
72,67,1,1.3436
81,115,1,1.1931
93,73,1,2.0803
102,96,1,1.0182
78,92,1,1.0829
102,95,1,1.1713
113,110,1,1.4985
106,105,1,1.3033
65,86,1,0.79862
63,118,1,0.88522
110,120,1,1.2005
81,70,2,0.8404
80,82,2,1.0168
89,116,1,1.1051
99,97,2,1.2482
87,65,2,0.88647
89,105,1,1.1277
113,62,2,1.2271
110,80,2,1.1059
89,100,1,0.96447
110,61,2,0.82114
70,76,1,0.86423
112,81,2,0.70073
107,118,1,0.88626
76,113,1,0.78939
79,88,2,1.5106
87,89,1,1.9902
114,63,2,0.93118
71,69,1,1.5876
63,75,2,1.1381
90,70,2,1.0072
77,98,1,0.90841
101,78,2,1.3349
62,77,1,2.4632
113,61,2,0.82067
118,87,1,1.1376
73,84,1,0.91975
