<><><><><><><><> 
Begin: 27-Jan-2014 11:35:36 
Matlab version  8.2.0.701 (R2013b) 
Psychtoolbox version  3.0.11 - Flavor: beta - Corresponds to SVN Revision 4331
For more info visit:
https 
Subjid: s07 Run Number: 1 
<><><><><><><><> 
Columns info in data file: 
1. display side (left 1/right 0) 2. # indvd  3. # gend  
4. response (masc - 1 :: fem - 7) 5. RT  
<><><><><><><><> 
Columns info in (this) info file: 
1. Stimulus start time (from trial start) 2. Stimulus off-time(from stimulus start time) 
3. RT or max response duration, if no response (from stimulus start time) 
 
0.999 1.378 1.378 
0.466 1.367 1.367 
0.985 2.255 2.255 
0.499 1.618 1.618 
0.566 2.342 2.342 
0.668 2.012 2.012 
0.517 2.176 2.176 
0.367 1.380 1.380 
0.716 1.215 1.215 
0.684 3.372 3.372 
0.802 3.449 3.449 
0.666 1.708 1.708 
0.735 1.544 1.544 
0.284 1.217 1.217 
0.502 3.502 3.502 
0.484 2.069 2.069 
0.751 1.324 1.324 
0.985 3.022 3.022 
0.684 3.129 3.129 
0.851 1.368 1.368 
0.551 0.755 0.755 
0.751 2.024 2.024 
0.801 1.400 1.400 
0.816 2.581 2.581 
0.216 1.838 1.838 
0.868 2.791 2.791 
0.717 2.537 2.537 
0.300 3.621 3.621 
0.516 1.390 1.390 
1.002 1.226 1.226 
0.935 2.604 2.604 
0.734 0.897 0.897 
0.633 2.975 2.975 
0.668 1.050 1.050 
0.719 2.680 2.680 
0.869 1.083 1.083 
0.535 0.765 0.765 
1.001 0.918 0.918 
0.284 1.465 1.465 
0.717 3.491 3.491 
0.600 3.502 3.502 
0.884 1.652 1.652 
0.785 1.324 1.324 
0.867 2.290 2.290 
0.669 1.282 1.282 
0.400 1.248 1.248 
0.383 1.545 1.545 
0.784 1.565 1.565 
0.401 2.363 2.363 
0.752 3.348 3.348 
0.984 1.192 1.192 
0.851 2.659 2.659 
0.884 1.400 1.400 
0.785 1.575 1.575 
0.267 2.035 2.035 
0.735 1.532 1.532 
0.399 2.801 2.801 
0.434 1.424 1.424 
0.434 2.702 2.702 
0.518 1.806 1.806 
0.883 2.223 2.223 
0.702 0.722 0.722 
0.251 1.238 1.238 
0.282 1.402 1.402 
0.584 1.073 1.073 
0.767 2.968 2.968 
0.952 2.484 2.484 
0.318 1.642 1.642 
0.733 3.993 4.125 
0.800 1.072 1.072 
0.450 2.505 2.505 
0.568 1.455 1.455 
0.801 1.957 1.957 
0.467 0.908 0.908 
0.567 1.062 1.062 
0.268 0.810 0.810 
0.851 2.177 2.177 
0.502 0.985 0.985 
0.350 2.360 2.360 
0.601 2.135 2.135 
0.734 0.657 0.657 
0.385 2.790 2.790 
0.651 1.367 1.367 
0.851 0.722 0.722 
0.934 2.516 2.516 
0.734 2.330 2.330 
0.769 2.695 2.695 
0.968 0.975 0.975 
0.801 3.087 3.087 
0.267 1.258 1.258 
0.768 1.226 1.226 
0.702 1.116 1.116 
0.384 1.389 1.389 
0.201 1.827 1.827 
0.333 0.864 0.864 
0.533 1.128 1.128 
0.368 0.712 0.712 
0.901 1.806 1.806 
0.750 1.051 1.051 
0.435 2.735 2.735 
0.568 1.806 1.806 
0.550 1.347 1.347 
0.600 0.800 0.800 
0.634 3.495 3.495 
0.300 2.286 2.286 
0.633 3.392 3.392 
0.534 1.783 1.783 
0.467 0.920 0.920 
0.601 2.660 2.660 
0.667 1.568 1.568 
0.385 1.085 1.085 
0.317 3.516 3.516 
0.918 1.772 1.772 
0.685 0.952 0.952 
0.868 0.723 0.723 
0.368 1.576 1.576 
0.917 1.641 1.641 
0.384 2.485 2.485 
0.601 1.018 1.018 
0.852 1.968 1.968 
0.466 1.019 1.019 
0.769 0.975 0.975 
0.750 1.115 1.115 
0.451 1.533 1.533 
0.884 1.126 1.126 
0.483 2.320 2.320 
0.300 1.291 1.291 
0.334 1.225 1.225 
0.734 1.072 1.072 
0.317 0.897 0.897 
0.251 0.952 0.952 
0.517 3.884 3.884 
0.450 4.004 4.032 
0.533 1.040 1.040 
0.218 2.385 2.385 
0.634 2.903 2.903 
0.801 0.853 0.853 
0.683 1.937 1.937 
0.416 1.760 1.760 
0.435 2.835 2.835 
1.001 1.916 1.916 
0.650 3.271 3.271 
0.769 1.928 1.928 
0.285 0.897 0.897 
0.349 2.759 2.759 
0.685 1.172 1.172 
0.868 0.854 0.854 
0.552 0.580 0.580 
0.983 1.007 1.007 
0.585 1.949 1.949 
0.800 0.701 0.701 
0.968 0.755 0.755 
0.251 2.199 2.199 
0.650 1.093 1.093 
0.434 0.930 0.930 
0.484 2.254 2.254 
0.535 1.588 1.588 
0.234 0.634 0.634 
0.750 0.635 0.635 
0.384 1.959 1.959 
0.967 1.193 1.193 
0.500 2.190 2.190 
0.734 2.319 2.319 
0.350 1.686 1.686 
0.901 3.392 3.392 
0.884 1.203 1.203 
0.952 2.024 2.024 
0.602 1.237 1.237 
0.501 1.981 1.981 
0.399 2.167 2.167 
0.717 3.085 3.085 
0.718 1.149 1.149 
0.784 0.701 0.701 
0.467 2.277 2.277 
0.967 2.013 2.013 
0.919 3.490 3.490 
0.550 0.976 0.976 
0.384 2.093 2.093 
0.969 1.620 1.620 
0.901 1.500 1.500 
1.001 2.178 2.178 
0.684 1.751 1.751 
0.517 0.887 0.887 
0.985 1.828 1.828 
0.967 1.566 1.566 
0.918 3.438 3.438 
0.251 2.768 2.768 
0.267 0.591 0.591 
0.934 2.834 2.834 
0.499 1.194 1.194 
0.216 1.829 1.829 
0.350 0.701 0.701 
0.953 1.128 1.128 
0.385 1.532 1.532 
0.301 1.030 1.030 
0.667 0.831 0.831 
0.584 0.493 0.493 
0.852 1.794 1.794 
0.468 1.360 1.360 
0.450 1.150 1.150 
0.783 1.283 1.283 
0.434 1.597 1.597 
0.433 3.043 3.043 
0.568 1.379 1.379 
0.517 0.613 0.613 
0.968 0.646 0.646 
0.334 0.887 0.887 
0.901 0.755 0.755 
0.200 3.174 3.174 
0.900 1.061 1.061 
0.802 1.664 1.664 
0.235 0.951 0.951 
0.701 0.919 0.919 
0.651 0.657 0.657 
0.634 2.507 2.507 
0.802 0.765 0.765 
0.451 1.335 1.335 
0.818 0.941 0.941 
0.218 2.407 2.407 
0.751 1.324 1.324 
0.901 1.446 1.446 
0.969 1.281 1.281 
0.285 2.190 2.190 
0.767 1.533 1.533 
0.501 1.039 1.039 
0.852 1.040 1.040 
0.234 3.701 3.701 
0.634 3.709 3.709 
0.451 2.080 2.080 
0.350 1.695 1.695 
0.718 1.368 1.368 
1.001 1.620 1.620 
0.235 2.924 2.924 
0.400 1.411 1.411 
0.351 0.646 0.646 
0.551 1.205 1.205 
0.367 1.686 1.686 
0.300 2.101 2.101 
0.400 1.489 1.489 
0.801 1.477 1.477 
<><><><><><><><> 
Response (Std deviation):  2.43 
RT (mean):  1.75 
Consistency:  0.90 
<><><><><><><><> 
End: 27-Jan-2014 11:45:11 
