<><><><><><><><> 
Begin: 12-Feb-2014 18:38:13 
Matlab version  8.2.0.701 (R2013b) 
Psychtoolbox version  3.0.11 - Flavor: beta - Corresponds to SVN Revision 4331
For more info visit:
https 
Subjid: s14 Run Number: 2 
<><><><><><><><> 
Columns info in data file: 
1. display side (left 1/right 0) 2. # indvd  3. # gend  
4. response (1-m, 2-f) 5. acc 6. RT  
<><><><><><><><> 
Columns info in (this) info file: 
1. Stimulus start time (from trial start) 2. Stimulus off-time(from stimulus start time) 
3. RT or max response duration, if no response (from stimulus start time) 
 
1.001 0.302 0.997 
0.267 0.295 0.793 
0.417 0.285 0.846 
0.851 0.284 0.399 
0.234 0.284 0.421 
0.951 0.284 0.508 
0.785 0.296 0.563 
0.600 0.285 0.333 
0.667 0.296 0.453 
0.399 0.285 0.497 
0.568 0.295 0.542 
0.969 0.295 0.431 
0.634 0.295 0.498 
0.617 0.295 0.443 
0.385 0.296 0.573 
0.601 0.285 0.509 
0.700 0.295 0.520 
0.750 0.285 0.410 
0.518 0.296 0.497 
0.501 0.285 0.650 
1.001 0.285 0.486 
0.234 0.296 0.606 
0.917 0.284 0.639 
0.935 0.295 0.518 
0.834 0.295 0.410 
0.283 0.295 0.596 
0.417 0.284 0.496 
0.467 0.295 0.388 
0.751 0.296 0.465 
0.317 0.284 0.552 
0.784 0.284 0.563 
0.284 0.296 0.508 
0.719 0.307 0.491 
0.601 0.295 0.474 
0.833 0.285 0.355 
0.767 0.307 0.482 
0.934 0.285 0.410 
0.917 0.295 0.322 
0.467 0.295 0.442 
0.768 0.285 0.464 
0.367 0.285 0.431 
0.233 0.285 0.366 
0.801 0.295 0.411 
0.601 0.295 0.421 
0.584 0.285 0.285 
0.933 0.285 0.497 
0.684 0.306 0.328 
0.702 0.285 0.365 
0.885 0.296 0.354 
0.852 0.285 0.311 
0.668 0.285 0.496 
0.352 0.296 0.475 
0.399 0.284 0.640 
0.918 0.284 0.476 
0.234 0.285 0.509 
0.601 0.284 0.322 
0.333 0.295 0.640 
0.984 0.296 0.956 
0.767 0.306 0.471 
0.601 0.295 0.553 
0.584 0.295 0.520 
0.251 0.295 0.465 
0.752 0.295 0.376 
0.233 0.295 0.531 
0.267 0.285 0.508 
0.618 0.296 0.399 
0.285 0.285 0.410 
0.852 0.295 0.388 
0.851 0.295 0.586 
0.784 0.273 0.273 
0.318 0.295 1.001 
0.735 0.284 0.596 
0.618 0.296 0.518 
0.985 0.296 0.464 
0.717 0.296 0.694 
0.851 0.284 0.519 
0.567 0.296 0.322 
0.550 0.296 0.296 
0.868 0.284 0.475 
0.267 0.295 0.640 
0.317 0.285 0.509 
0.334 0.307 0.547 
0.517 0.296 0.717 
0.868 0.296 0.333 
0.851 0.284 0.486 
0.250 0.296 0.694 
0.518 0.295 0.399 
0.618 0.296 0.443 
0.533 0.296 0.356 
0.734 0.284 0.530 
0.701 0.295 1.002 
0.435 0.296 0.332 
0.552 0.296 0.376 
0.217 0.295 0.354 
0.985 0.296 0.433 
0.334 0.296 0.487 
0.285 0.295 0.518 
0.502 0.295 0.441 
0.367 0.285 0.508 
0.601 0.284 0.399 
0.467 0.306 0.449 
0.968 0.296 0.519 
0.934 0.295 0.377 
0.250 0.284 0.990 
0.800 0.285 0.377 
0.417 0.296 0.454 
0.533 0.307 0.328 
0.633 0.306 0.405 
0.951 0.284 0.284 
0.534 0.296 0.443 
0.985 0.296 1.000 
0.450 0.285 0.322 
0.766 0.296 0.389 
0.734 0.295 0.509 
0.634 0.296 0.311 
0.767 0.284 0.858 
0.733 0.295 0.344 
0.350 0.285 0.990 
0.301 0.284 0.284 
1.001 0.295 0.355 
0.334 0.295 0.431 
0.233 0.295 0.432 
0.651 0.295 0.411 
0.917 0.284 0.574 
0.735 0.295 0.999 
0.351 0.295 0.453 
0.501 0.295 0.399 
0.567 0.295 0.344 
0.984 0.296 1.000 
0.334 0.285 0.497 
0.884 0.295 0.355 
0.716 0.295 0.618 
0.501 0.296 0.444 
0.349 0.296 0.488 
0.550 0.296 0.640 
0.584 0.296 0.475 
0.301 0.296 0.989 
0.667 0.306 1.006 
0.384 0.296 0.367 
0.517 0.285 0.990 
0.667 0.295 0.431 
0.400 0.295 0.464 
0.435 0.296 0.354 
0.701 0.295 0.344 
0.418 0.296 0.409 
0.867 0.295 0.323 
0.985 0.295 0.295 
0.784 0.295 0.465 
0.484 0.284 0.420 
0.666 0.263 0.263 
0.283 0.306 0.383 
0.934 0.284 0.388 
0.900 0.295 0.453 
0.851 0.296 0.389 
0.416 0.285 0.410 
0.684 0.284 0.486 
0.218 0.295 0.443 
0.551 0.284 0.410 
0.451 0.274 0.274 
0.334 0.296 0.989 
0.350 0.284 0.399 
0.535 0.295 0.410 
0.284 0.284 0.990 
0.685 0.296 0.989 
0.583 0.011 0.011 
0.767 0.055 0.055 
0.767 0.285 0.474 
0.716 0.296 0.334 
0.235 0.285 0.988 
0.250 0.306 0.340 
0.466 0.285 0.443 
0.634 0.284 0.377 
0.733 0.284 0.640 
0.533 0.296 0.990 
0.867 0.285 0.366 
0.784 0.284 0.322 
0.984 0.285 0.334 
0.634 0.284 0.311 
0.466 0.296 0.399 
0.285 0.296 0.387 
0.684 0.306 0.383 
0.818 0.306 0.351 
0.534 0.306 0.437 
0.267 0.306 0.568 
0.418 0.296 0.508 
0.318 0.307 0.482 
0.434 0.262 0.262 
0.551 0.295 0.508 
0.618 0.306 0.525 
0.566 0.296 0.432 
0.901 0.295 0.400 
0.618 0.295 0.365 
0.951 0.252 0.252 
0.717 0.186 0.186 
0.969 0.296 0.366 
0.400 0.284 0.520 
0.751 0.284 0.563 
0.434 0.295 0.488 
0.735 0.295 0.444 
0.751 0.307 0.437 
0.249 0.306 0.449 
0.400 0.296 0.454 
0.383 0.295 0.465 
0.734 0.295 0.531 
0.884 0.284 0.563 
0.484 0.284 0.399 
0.834 0.284 0.399 
0.751 0.284 0.311 
0.200 0.307 0.668 
0.684 0.295 0.497 
0.517 0.284 0.519 
0.935 0.296 0.420 
0.200 0.295 0.520 
0.568 0.295 0.519 
0.534 0.306 0.459 
0.567 0.295 0.509 
0.818 0.295 0.507 
0.466 0.285 0.432 
0.834 0.295 0.640 
0.583 0.295 0.552 
0.233 0.295 0.464 
0.351 0.284 0.596 
0.784 0.296 0.431 
0.585 0.296 0.695 
0.317 0.306 1.006 
0.483 0.284 0.618 
0.685 0.296 0.475 
0.351 0.296 0.672 
0.800 0.284 0.990 
0.401 0.296 0.474 
0.934 0.296 0.409 
0.416 0.295 0.629 
0.817 0.295 0.618 
0.351 0.296 0.520 
0.434 0.295 0.684 
0.284 0.285 0.541 
0.667 0.295 0.399 
0.751 0.296 0.454 
0.633 0.306 0.492 
0.550 0.285 0.432 
<><><><><><><><> 
Overall acc:  0.68    Male acc:  0.70    Fem acc:  0.65 
RT (mean):  0.46 
Consist:  0.20 
<><><><><><><><> 
End: 12-Feb-2014 18:42:38 
