57,6,1,1.5896
59,7,2,1.2029
48,26,1,0.69951
23,33,2,0.6564
9,31,1,0.74375
19,51,2,0.67864
44,18,1,1.3228
9,7,2,0.66692
3,11,1,1.914
4,58,2,0.82135
5,45,2,0.76619
40,46,2,0.67819
31,27,2,0.85303
7,28,1,1.0166
48,49,1,1.4659
37,27,2,1.2696
4,21,1,1.4533
17,46,2,0.71091
23,31,1,2.2204
32,26,2,1.2575
12,33,2,2.0346
29,26,2,0.87493
59,50,2,0.66734
35,51,2,0.63486
31,33,2,0.76569
26,1,2,1.4992
54,22,1,0.62316
35,50,2,0.84208
22,41,1,1.5085
33,51,2,0.61258
56,14,1,1.1261
48,9,1,1.1483
47,32,1,0.83128
33,56,2,0.87571
25,57,2,0.66689
35,5,1,0.97333
16,6,1,0.92858
23,40,2,1.1592
39,26,2,0.79854
3,59,2,0.71108
28,14,2,1.1264
26,31,1,0.95172
13,48,2,0.98469
44,28,1,1.0386
36,6,2,1.1699
23,41,1,2.8
12,49,2,1.247
33,11,1,0.97371
40,53,2,2.438
27,14,1,1.8704
30,41,1,1.2794
4,16,1,0.91916
6,31,1,1.1261
34,50,2,0.85315
46,38,1,0.71111
37,14,2,1.1049
43,26,2,0.97263
8,60,1,1.4213
21,34,2,1.9469
11,58,2,0.67837
51,54,2,1.3556
39,35,2,3.39
51,14,1,0.99557
41,6,2,2.122
53,45,2,0.83159
46,29,1,1.0061
41,55,2,0.75505
43,39,2,0.76592
11,32,2,1.0934
24,17,2,0.93099
15,5,2,1.2469
10,28,1,1.4981
1,54,2,0.79788
16,11,1,1.0939
34,42,2,0.90829
56,31,1,1.5966
13,27,1,2.2092
20,49,2,2.767
58,14,1,1.0386
48,12,1,0.58009
8,13,2,0.7102
47,49,1,0.75506
44,13,1,0.64551
37,18,2,0.71116
2,5,1,2.8428
24,59,2,0.90729
49,3,1,0.8633
7,6,1,0.66734
36,52,2,0.83082
11,10,2,0.67847
20,50,2,0.73269
24,34,2,0.79853
22,39,2,0.70011
38,35,2,0.93005
22,37,2,0.70132
6,27,2,0.722
22,15,2,2.0038
55,40,1,1.2143
34,46,2,0.77739
1,42,2,1.4105
35,30,1,2.0997
1,60,2,0.95161
38,20,2,1.3238
42,13,2,0.91866
54,6,1,1.1697
20,15,2,3.5205
38,48,2,1.0275
54,56,2,0.98443
57,51,1,2.4275
59,40,1,1.1928
33,1,1,1.2029
30,38,2,1.279
13,11,1,0.85342
4,40,1,1.6947
56,51,2,1.2902
7,2,1,1.0282
23,42,2,0.94216
10,12,1,0.94039
23,45,2,1.0282
48,2,1,1.0258
5,23,1,0.95168
33,17,2,1.2134
24,5,2,3.4015
47,10,1,0.7435
24,25,2,1.9023
43,33,2,0.94176
49,28,2,1.4983
45,13,1,1.4985
58,51,1,1.8052
3,9,2,1.0726
1,12,1,1.3014
34,49,2,0.88564
38,41,2,1.1705
46,9,1,1.3015
10,24,1,0.79833
34,2,2,0.89705
19,45,2,0.86473
5,14,2,1.1375
50,56,2,0.85375
7,18,1,0.67848
58,53,1,0.93028
19,36,1,0.87549
34,15,2,2.3733
20,3,1,2.8656
30,17,1,2.7894
3,2,2,2.1879
54,33,1,1.8045
57,20,1,1.0279
19,60,2,0.91881
12,23,1,1.7934
45,18,1,1.1382
20,59,2,1.1808
26,21,1,0.99415
60,32,1,1.8161
38,2,1,1.2904
55,12,1,0.85261
47,6,1,0.80932
50,37,1,0.66734
33,22,1,0.71067
46,58,2,1.4222
31,53,2,0.6672
30,19,2,0.6892
52,2,1,1.2796
11,19,2,0.90812
47,3,1,0.73385
21,12,2,1.0507
36,55,2,0.71126
15,10,2,0.77633
37,13,2,0.87549
59,34,1,0.80927
52,44,2,0.75406
18,30,1,0.72201
19,31,1,0.59045
12,32,2,1.9793
59,60,2,0.66716
3,13,2,0.78712
52,32,1,3.5753
9,12,2,1.1378
59,51,2,0.96214
44,45,2,0.65602
32,20,2,0.7435
15,27,2,0.82012
39,31,1,1.7721
46,8,2,0.66724
15,36,2,0.89731
60,55,2,0.83065
39,1,2,1.0713
20,12,2,0.9635
1,41,1,0.95228
24,21,2,1.3454
31,43,2,1.7388
29,59,2,0.90796
22,38,1,1.1482
18,57,2,0.89726
4,27,1,1.0065
41,16,2,0.79855
10,1,1,2.2855
40,18,2,2.5042
11,9,2,1.7382
36,58,2,1.6079
47,12,1,0.66729
39,52,2,0.90783
15,6,2,1.52
3,42,2,1.0176
37,26,2,2.734
53,52,2,1.1593
12,8,2,0.94051
40,44,1,0.7656
8,50,2,0.6124
19,2,1,1.2573
3,28,2,1.3449
57,50,1,1.3013
2,12,1,2.8647
55,18,1,0.70009
44,37,1,0.86362
8,26,1,0.88539
48,19,1,0.70035
31,35,1,0.74358
21,44,2,0.8093
2,54,2,0.66705
51,26,1,0.59113
20,52,2,1.2691
15,16,2,0.86372
37,42,2,1.6845
45,10,1,0.76542
3,6,2,1.2685
59,15,1,1.335
53,1,2,1.2899
38,17,2,1.0936
30,24,1,1.2356
29,54,2,0.87508
1,4,2,0.62366
37,59,2,0.87493
5,56,2,0.83109
30,2,1,2.22
40,32,1,2.5366
12,50,2,0.79842
36,11,1,1.4004
38,45,2,0.99508
57,3,1,0.90852
16,5,1,1.6953
14,55,2,0.64513
54,46,2,0.86399
18,6,1,1.0709
31,15,2,1.8151
60,5,1,0.78774
32,25,1,1.3125
31,38,1,1.9136
4,51,2,0.88555
26,11,1,1.7063
27,60,2,0.77646
40,54,2,0.59033
32,38,1,1.2896
4,15,1,0.94071
50,52,1,0.75463
11,48,2,0.65603
25,39,2,0.74365
21,22,1,1.1585
28,25,1,0.73246
55,37,1,0.68924
19,53,1,1.2685
10,55,2,0.94034
59,39,1,0.92928
46,31,1,0.67787
9,55,2,0.66737
29,37,1,1.1696
60,57,1,1.2147
59,22,1,0.91774
17,52,2,0.83139
9,35,1,2.1431
11,60,2,0.75481
36,42,2,1.0718
16,22,1,1.4215
39,20,1,1.6302
22,42,2,0.9846
29,17,1,1.4324
58,42,1,0.64493
34,52,2,1.0281
54,17,1,0.74408
40,50,2,0.58
58,18,1,0.86398
43,6,2,0.86395
24,27,2,0.9291
46,45,1,0.61303
12,14,2,0.90762
26,19,2,0.6348
24,13,2,0.75442
17,7,2,0.61215
21,9,2,0.76611
42,48,2,0.75471
45,4,1,1.575
37,16,2,2.1974
58,17,1,0.86407
14,34,1,1.5747
12,59,2,0.75495
