100,109,2,2.5327
63,77,2,2.233
69,83,2,1.2696
114,91,2,2.4082
62,72,2,1.3028
98,77,2,2.8135
76,93,2,1.9366
97,67,1,1.816
83,77,1,1.794
65,94,1,1.4765
117,81,2,1.2916
111,98,NaN,NaN
89,79,1,1.6862
120,90,2,1.8609
87,105,2,1.8388
63,91,1,1.7173
86,116,1,1.5765
61,100,1,1.4333
101,109,2,2.6259
72,105,1,1.7737
62,71,1,1.4667
61,64,1,1.7072
80,71,1,2.2978
83,92,1,1.6842
90,65,2,2.5717
98,82,1,1.9045
61,109,1,1.5545
68,75,2,1.1163
119,105,1,3.3049
108,86,2,1.9379
84,70,1,2.7682
102,77,1,1.16
84,75,2,1.0401
89,106,2,2.8559
74,62,2,2.7139
92,111,1,1.5315
103,62,2,1.5333
67,80,2,2.0352
112,81,2,1.6848
63,96,1,1.8593
87,98,1,2.6365
63,84,1,2.1981
87,100,1,1.817
108,68,1,2.1448
101,87,1,1.9145
120,85,2,2.2988
64,115,1,1.4885
85,70,1,2.0896
93,104,2,1.3352
118,82,1,1.8279
98,75,2,1.576
80,96,2,2.1449
85,89,2,1.8928
77,101,2,1.9586
98,88,2,3.4565
73,83,1,1.6628
86,82,1,1.3791
107,101,1,1.542
64,84,2,2.799
109,86,2,2.3309
111,62,2,1.7619
70,66,2,2.4173
88,83,2,2.1879
61,93,2,2.6131
103,117,1,1.9584
114,98,1,1.5212
75,115,1,1.1185
74,114,1,1.445
67,76,NaN,NaN
98,119,2,2.1351
117,113,2,1.7836
103,85,2,1.1054
112,82,1,1.5868
71,99,NaN,NaN
92,85,1,1.4661
113,66,2,1.062
92,88,1,1.6417
65,71,1,1.4554
106,83,2,1.7289
85,94,1,1.5208
83,65,2,2.0133
71,75,2,1.2378
99,91,2,3.0096
76,103,1,2.3853
105,61,1,1.6304
91,90,2,1.4666
86,102,2,1.1925
94,73,1,2.8007
119,70,1,1.1383
61,74,1,1.7729
97,103,1,1.7364
95,63,NaN,NaN
73,113,1,0.89783
94,81,2,1.248
100,66,2,0.94086
62,86,1,1.3025
90,108,2,2.3636
120,105,2,1.1923
63,100,2,2.6051
69,86,2,2.2223
84,77,1,1.7074
98,110,NaN,NaN
117,111,2,2.0684
109,115,1,1.5758
79,66,2,1.3132
63,104,2,0.97307
93,119,2,2.7018
70,75,2,1.1715
114,92,2,2.0572
101,68,2,2.4395
63,70,2,2.1886
93,86,1,1.9586
70,98,1,1.6414
102,90,1,1.5866
99,72,2,0.9515
115,63,1,3.2831
117,75,2,0.94121
62,91,1,1.7403
72,78,1,1.4992
80,64,1,1.8165
96,97,2,2.1778
66,95,1,1.4995
65,80,1,1.6197
97,113,1,1.5978
65,89,1,1.652
109,78,1,1.9817
67,87,NaN,NaN
111,63,1,1.3799
84,119,2,1.1052
114,69,1,2.4838
105,88,1,1.554
87,108,2,1.9482
69,109,2,1.1708
77,89,2,2.7376
81,80,1,1.4889
100,95,NaN,NaN
91,66,2,1.3793
99,102,2,0.79965
112,94,NaN,NaN
72,83,1,1.1381
104,92,1,1.1592
99,63,2,2.617
78,114,1,1.0834
106,68,2,1.0066
72,74,1,1.2592
67,84,2,1.4115
78,70,2,1.7839
85,106,1,2.2432
67,70,2,1.4883
93,89,1,1.1713
97,104,2,0.99633
64,72,2,0.99561
111,87,NaN,NaN
63,71,1,2.0467
106,76,2,1.7845
113,84,2,1.2908
92,80,1,1.2917
91,88,2,2.1566
119,107,1,1.2146
103,105,2,1.5865
80,82,1,2.6594
93,97,1,1.237
79,94,1,2.605
68,114,1,1.0508
100,72,2,1.0066
89,75,2,0.94129
109,80,1,1.2912
104,94,1,0.79958
92,115,2,1.1274
68,104,2,1.0717
115,72,2,1.2262
80,114,2,1.6642
99,101,2,1.9703
64,69,1,1.4216
75,107,1,1.0616
83,84,1,1.5768
76,61,2,1.3896
103,64,2,1.5754
65,93,1,1.6102
99,104,2,1.0392
110,95,2,1.773
115,119,2,1.5006
114,97,2,1.642
106,120,NaN,NaN
65,85,1,1.7743
81,73,2,2.6272
100,82,NaN,NaN
61,110,1,1.5541
113,62,2,0.83149
108,100,1,1.1599
67,102,2,1.0511
100,77,1,1.6424
79,65,2,1.8613
115,70,2,2.0252
69,106,2,3.02
113,82,1,1.4776
103,108,2,1.0613
68,116,1,1.1271
100,78,2,1.4005
116,120,1,2.0798
92,72,2,1.2588
71,91,1,1.4224
70,97,1,1.6423
93,87,1,1.1277
86,91,1,1.6857
120,119,2,0.97413
80,78,2,0.86492
83,85,2,1.9263
116,115,2,2.7365
79,78,1,1.5979
63,89,2,2.1232
93,64,1,1.4662
110,89,1,2.4076
102,74,1,1.5215
113,88,2,2.1885
107,120,1,2.2101
90,84,2,2.3091
97,92,2,2.505
77,105,2,1.926
117,67,NaN,NaN
98,91,2,0.90837
120,112,2,1.4354
71,110,2,1.3461
108,89,2,1.314
64,97,1,1.6414
82,62,2,1.7508
119,69,1,1.2031
92,105,1,1.4009
70,101,1,2.2435
93,74,2,1.1384
97,115,2,2.024
61,92,1,1.2684
111,109,2,1.7402
61,115,1,1.0183
94,75,2,0.89734
81,101,1,1.7291
104,70,1,1.1164
78,66,2,1.8391
120,68,2,1.1926
83,109,1,1.9917
108,76,1,1.6089
105,62,2,1.2804
78,119,2,1.5428
112,88,1,2.5724
84,106,1,1.3692
117,77,NaN,NaN
78,110,1,1.1821
83,76,1,2.3859
74,89,1,1.0069
67,93,2,1.8607
97,65,2,1.3804
69,85,2,1.6851
65,96,1,1.0506
81,78,1,2.6369
61,82,1,1.1161
81,108,1,1.9692
66,76,1,1.6957
102,69,1,1.1061
95,78,1,2.0682
82,101,2,1.8484
114,108,2,1.0181
92,116,1,1.2482
96,119,2,1.0935
105,114,1,1.3235
117,88,2,1.6301
106,100,2,1.871
79,85,1,1.3681
117,104,2,0.95263
91,97,2,2.2543
86,107,2,2.2218
82,120,1,1.8055
91,76,1,1.6408
100,113,1,1.2581
88,75,2,0.96321
69,78,2,1.401
115,82,1,1.0396
105,85,2,1.1498
83,117,1,1.0617
89,88,1,1.2911
113,108,2,1.4884
98,86,2,1.2042
77,73,1,3.7428
120,84,2,1.2036
98,83,2,1.335
65,74,1,1.335
61,81,1,2.0797
92,120,1,1.2157
61,104,2,1.105
92,93,1,1.9587
108,80,1,3.2167
92,76,1,1.7502
103,107,2,1.4993
88,116,1,1.8062
70,61,2,1.7737
87,119,2,1.6635
