<><><><><><><><> 
Begin: 22-Oct-2014 14:21:34 
Matlab version  8.2.0.701 (R2013b) 
Psychtoolbox version  3.0.11 
Subjid: s35 Run Number: 6 
<><><><><><><><> 
Columns info in data file: 
1. left indvd 2. # right indvd  
3. response (left - 1 :: right - 2) 4. RT  
<><><><><><><><> 
Columns info in (this) info file: 
1. Stimulus start time (from trial start) 2. Stimulus off-time(from stimulus start time) 
3. RT or max response duration, if no response (from stimulus start time) 
 
1.001 2.012 2.012 
0.534 1.072 1.072 
0.568 0.897 0.897 
0.251 1.422 1.422 
0.568 2.869 2.869 
0.451 1.313 1.313 
0.235 1.576 1.576 
0.317 1.259 1.259 
0.417 1.696 1.696 
0.584 1.138 1.138 
0.584 1.225 1.225 
0.268 1.204 1.204 
0.584 1.018 1.018 
0.584 1.816 1.816 
0.400 1.214 1.214 
0.517 0.996 0.996 
0.266 2.473 2.473 
0.367 1.303 1.303 
0.568 3.994 5.995 
0.516 1.904 1.904 
0.584 1.127 1.127 
0.467 1.280 1.280 
0.216 1.642 1.642 
0.534 2.145 2.145 
0.583 0.973 0.973 
0.468 1.444 1.444 
0.501 1.127 1.127 
0.500 2.178 2.178 
0.367 1.225 1.225 
0.467 1.051 1.051 
0.267 3.118 3.118 
0.484 1.215 1.215 
0.217 1.325 1.325 
0.318 2.736 2.736 
0.217 1.170 1.170 
0.234 0.985 0.985 
0.534 1.258 1.258 
0.484 1.445 1.445 
0.334 1.838 1.838 
0.584 0.985 0.985 
0.218 1.192 1.192 
0.384 2.188 2.188 
0.351 2.002 2.002 
0.516 1.138 1.138 
0.518 1.663 1.663 
0.284 1.302 1.302 
0.400 1.225 1.225 
0.384 1.608 1.608 
0.467 2.397 2.397 
0.483 1.138 1.138 
0.500 1.378 1.378 
0.317 1.269 1.269 
0.468 1.478 1.478 
0.467 1.094 1.094 
0.267 1.028 1.028 
0.250 1.498 1.498 
0.400 1.040 1.040 
0.583 1.028 1.028 
0.333 0.853 0.853 
0.433 3.097 3.097 
0.299 1.193 1.193 
0.501 1.335 1.335 
0.301 1.740 1.740 
0.400 1.379 1.379 
0.484 0.952 0.952 
0.567 1.544 1.544 
0.584 1.325 1.325 
0.417 1.411 1.411 
0.250 1.991 1.991 
0.267 1.500 1.500 
0.300 1.301 1.301 
0.534 1.608 1.608 
0.301 1.050 1.050 
0.534 1.291 1.291 
0.300 2.003 2.003 
0.568 1.805 1.805 
0.350 1.138 1.138 
0.284 0.963 0.963 
0.300 2.516 2.516 
0.450 2.473 2.473 
0.400 2.910 2.910 
0.350 1.314 1.314 
0.534 1.893 1.893 
0.434 1.915 1.915 
0.416 2.232 2.232 
0.568 1.105 1.105 
0.316 1.170 1.170 
0.501 1.138 1.138 
0.501 1.073 1.073 
0.351 1.182 1.182 
0.433 0.908 0.908 
0.233 1.127 1.127 
0.217 1.906 1.906 
0.417 1.106 1.106 
0.517 1.051 1.051 
0.583 1.148 1.148 
0.250 1.640 1.640 
0.434 0.985 0.985 
0.384 2.636 2.636 
0.201 1.160 1.160 
0.334 1.608 1.608 
0.268 1.126 1.126 
0.528 1.149 1.149 
0.334 1.543 1.543 
0.416 1.127 1.127 
0.267 2.529 2.529 
0.451 1.193 1.193 
0.300 1.773 1.773 
0.467 1.051 1.051 
0.483 1.159 1.159 
0.501 0.930 0.930 
0.383 1.652 1.652 
0.234 1.051 1.051 
0.300 1.030 1.030 
0.567 1.302 1.302 
0.267 1.183 1.183 
0.534 1.007 1.007 
0.418 1.061 1.061 
0.600 1.029 1.029 
0.234 1.061 1.061 
0.384 1.259 1.259 
0.250 1.172 1.172 
0.584 2.494 2.494 
0.201 1.138 1.138 
0.517 0.897 0.897 
0.533 1.072 1.072 
0.551 1.171 1.171 
0.233 1.225 1.225 
0.367 0.996 0.996 
0.300 1.183 1.183 
0.517 1.980 1.980 
0.367 1.007 1.007 
0.568 1.674 1.674 
0.283 1.137 1.137 
0.301 1.271 1.271 
0.266 1.662 1.662 
0.251 1.565 1.565 
0.550 1.597 1.597 
0.434 1.379 1.379 
0.417 1.751 1.751 
0.266 2.330 2.330 
0.550 1.029 1.029 
0.450 1.282 1.282 
0.350 1.948 1.948 
0.401 1.434 1.434 
0.367 1.707 1.707 
0.234 1.083 1.083 
0.300 1.193 1.193 
0.250 1.104 1.104 
0.282 1.028 1.028 
0.300 2.244 2.244 
0.367 1.411 1.411 
0.217 1.488 1.488 
0.567 1.029 1.029 
0.584 1.619 1.619 
0.400 1.160 1.160 
0.400 1.587 1.587 
0.334 0.931 0.931 
0.567 1.346 1.346 
0.350 0.843 0.843 
0.251 1.203 1.203 
0.516 1.215 1.215 
0.367 1.850 1.850 
0.300 1.029 1.029 
0.367 1.401 1.401 
0.234 1.674 1.674 
0.250 2.386 2.386 
0.584 0.875 0.875 
0.584 0.930 0.930 
0.433 1.192 1.192 
0.233 1.238 1.238 
0.301 1.007 1.007 
0.350 1.488 1.488 
0.534 0.897 0.897 
0.216 1.062 1.062 
0.217 1.597 1.597 
0.266 2.484 2.484 
0.467 0.963 0.963 
0.500 1.314 1.314 
0.467 1.171 1.171 
0.384 1.970 1.970 
0.417 2.035 2.035 
0.317 1.237 1.237 
0.501 1.477 1.477 
0.284 0.974 0.974 
0.483 0.941 0.941 
0.283 1.073 1.073 
0.350 1.696 1.696 
0.451 1.062 1.062 
0.517 1.784 1.784 
0.233 1.258 1.258 
0.583 1.148 1.148 
0.518 0.908 0.908 
0.400 1.259 1.259 
0.384 1.980 1.980 
0.384 1.270 1.270 
0.318 1.204 1.204 
0.400 1.106 1.106 
0.400 1.412 1.412 
0.533 1.631 1.631 
0.517 0.898 0.898 
0.467 1.018 1.018 
0.350 1.499 1.499 
0.533 1.105 1.105 
0.418 1.171 1.171 
0.349 0.799 0.799 
0.583 1.948 1.948 
0.551 1.346 1.346 
0.417 1.357 1.357 
0.451 1.531 1.531 
0.433 1.236 1.236 
0.284 1.390 1.390 
0.317 1.270 1.270 
0.384 1.194 1.194 
0.300 0.996 0.996 
0.533 1.259 1.259 
0.283 1.039 1.039 
0.300 1.587 1.587 
0.267 0.907 0.907 
0.299 1.106 1.106 
0.383 0.919 0.919 
0.334 2.068 2.068 
0.568 1.532 1.532 
0.367 1.008 1.008 
0.283 1.499 1.499 
0.568 1.959 1.959 
0.601 1.346 1.346 
0.383 1.411 1.411 
0.250 1.630 1.630 
0.300 1.949 1.949 
0.367 1.325 1.325 
0.434 2.189 2.189 
0.300 1.412 1.412 
0.450 1.138 1.138 
0.484 1.072 1.072 
0.284 1.314 1.314 
0.250 0.985 0.985 
0.317 1.171 1.171 
0.333 1.204 1.204 
0.367 2.200 2.200 
0.400 1.040 1.040 
0.233 1.565 1.565 
0.300 0.986 0.986 
0.517 1.903 1.903 
0.217 3.994 5.996 
0.567 1.170 1.170 
0.499 1.292 1.292 
0.400 0.941 0.941 
0.434 1.466 1.466 
0.300 1.225 1.225 
0.383 1.435 1.435 
0.584 1.215 1.215 
0.417 1.171 1.171 
0.417 1.105 1.105 
0.300 2.045 2.045 
0.400 1.412 1.412 
0.451 1.236 1.236 
0.468 1.456 1.456 
0.366 1.630 1.630 
0.350 1.051 1.051 
0.601 1.422 1.422 
0.216 1.872 1.872 
0.551 1.367 1.367 
0.568 1.302 1.302 
0.517 1.149 1.149 
0.234 1.696 1.696 
0.300 1.532 1.532 
0.334 1.094 1.094 
0.467 1.313 1.313 
0.251 1.631 1.631 
0.500 1.029 1.029 
0.250 1.598 1.598 
0.466 1.094 1.094 
0.400 2.047 2.047 
0.518 1.609 1.609 
0.483 1.389 1.389 
0.568 1.565 1.565 
0.550 2.144 2.144 
0.334 1.314 1.314 
0.484 1.883 1.883 
0.283 1.214 1.214 
0.216 1.675 1.675 
0.500 1.270 1.270 
0.400 1.586 1.586 
0.400 1.302 1.302 
0.567 3.995 5.986 
0.450 1.105 1.105 
0.450 1.422 1.422 
0.551 1.652 1.652 
0.517 1.434 1.434 
0.434 1.500 1.500 
0.283 0.984 0.984 
0.301 1.379 1.379 
0.551 1.116 1.116 
0.217 1.205 1.205 
<><><><><><><><> 
RT (mean):  1.41 
Consistency:  0.12 
Self Consistency:  0.87 
<><><><><><><><> 
End: 22-Oct-2014 14:30:51 
