120,91,2,1.4327
61,63,1,1.1093
87,100,1,0.85389
76,108,2,1.7507
72,116,1,0.84242
94,99,1,1.4556
86,68,2,1.0839
112,98,2,1.1493
72,80,1,1.0403
98,99,1,1.0725
104,66,2,1.0297
117,100,1,0.985
66,84,1,1.5226
61,102,2,1.3561
72,79,1,1.3569
103,117,1,1.9051
70,73,1,1.302
116,81,2,0.95219
82,88,1,1.5868
84,65,2,1.1485
66,95,1,1.2585
114,109,2,1.9154
69,92,1,2.2216
79,99,1,1.1931
73,72,2,1.0062
102,86,1,1.3683
109,95,1,2.0135
101,64,2,1.0183
72,83,1,1.3023
104,77,1,1.2907
109,90,1,1.1501
72,63,1,1.1052
67,102,2,2.1226
68,100,1,0.88655
109,115,2,2.1455
78,71,1,1.4106
66,111,1,1.4659
65,90,1,0.96363
111,100,1,1.0068
85,112,1,1.1925
71,115,1,0.97325
90,66,2,0.95139
73,100,1,0.74436
88,67,2,1.1383
85,105,1,0.88635
81,72,2,1.203
75,115,1,0.79861
118,69,1,1.0842
74,64,2,0.85327
85,70,2,1.6093
71,117,1,0.9842
118,73,1,1.3892
102,85,1,1.2152
83,119,2,1.1383
92,103,1,1.2915
113,109,1,1.1057
91,108,1,1.116
97,74,2,0.97422
85,77,2,1.1703
86,80,2,1.5867
104,65,2,1.0508
99,66,2,1.0398
87,96,2,1.3796
71,105,1,1.9376
85,109,2,1.1714
87,91,2,1.0276
81,96,1,0.87553
74,65,2,1.4552
118,108,1,1.5646
75,81,1,0.77706
78,116,1,0.91919
73,69,2,1.5869
109,99,1,0.96276
91,70,2,1.0733
89,80,2,1.0621
120,102,2,1.2587
103,100,1,2.047
62,76,1,1.8052
98,64,2,0.95186
120,90,2,1.0951
102,82,1,0.95208
92,98,1,1.2908
109,101,2,2.6274
104,114,2,1.1499
73,71,1,1.0298
114,68,2,0.89748
90,115,2,1.2037
95,94,1,1.3132
103,68,2,0.87574
91,99,1,1.0289
86,75,2,1.1601
102,110,1,0.78796
87,95,2,1.0076
103,115,1,2.1444
68,93,2,1.5106
98,85,1,1.171
94,119,2,1.1161
104,112,1,1.9578
118,77,2,0.99513
101,63,2,1.0726
76,92,1,1.916
100,66,2,0.95266
75,92,1,1.0738
64,109,1,1.2258
95,73,2,1.1386
101,90,1,1.8951
79,81,2,0.90958
67,91,1,1.029
118,109,1,1.1825
65,98,1,1.27
95,69,2,0.92994
110,103,2,1.1376
120,116,1,0.83111
89,119,2,1.9694
76,106,2,1.8383
105,77,2,1.1492
67,83,1,1.0062
97,103,2,1.6968
110,114,2,2.5086
73,115,1,0.96262
103,113,1,2.046
120,105,2,1.0725
90,107,2,2.463
95,72,2,2.3638
107,64,2,1.9273
119,75,2,0.89758
79,71,2,0.9741
110,97,1,1.2044
80,102,2,1.0283
110,69,1,1.9376
61,96,1,1.0837
92,112,1,1.3354
64,100,1,0.64583
68,67,2,1.3135
107,70,2,1.0066
88,120,1,1.697
111,91,2,1.4885
67,85,1,3.2963
99,86,2,1.0071
71,90,1,1.6412
83,77,2,1.4772
86,72,2,0.75514
68,74,2,1.0623
107,91,2,2.5622
99,102,2,0.98548
71,65,2,1.0505
76,61,2,0.82081
75,89,1,0.94094
79,77,2,1.5419
67,112,1,1.16
109,68,2,0.87488
82,112,2,1.729
110,85,2,1.1275
115,70,2,0.63641
109,93,2,0.942
78,96,1,0.95233
86,81,2,1.2799
73,84,1,1.5759
79,85,2,1.8604
109,62,2,1.0513
91,88,1,2.4395
107,113,1,2.2119
111,119,2,2.0025
80,67,1,1.2914
100,65,2,1.0509
71,114,1,1.1273
62,117,1,2.2327
119,86,2,2.3516
72,76,1,1.0181
90,114,2,1.5105
63,83,1,1.0286
94,65,2,1.5439
76,87,1,1.4559
95,89,1,1.9253
91,96,2,1.0726
105,75,2,0.83167
72,103,1,1.2594
99,83,2,0.95259
119,88,1,2.429
107,97,1,1.543
93,75,2,1.5764
87,64,2,1.9587
113,79,2,1.5549
89,85,2,1.193
68,64,2,1.1168
109,92,1,1.2367
62,110,1,0.88642
115,96,1,1.1377
107,120,1,0.98594
74,93,1,1.0503
112,102,2,0.90833
120,119,2,1.4898
78,103,1,0.8973
86,84,1,1.5219
69,101,1,2.4171
96,118,2,0.94073
110,101,1,1.4555
63,65,2,1.0512
86,120,1,0.88633
114,115,2,3.7326
70,89,1,1.7182
112,120,1,1.3576
96,93,2,1.357
86,95,1,2.0151
89,94,2,2.6711
64,88,1,0.98537
107,76,1,1.5108
118,81,2,1.281
97,80,2,1.0287
78,72,2,2.6476
74,76,1,1.6856
92,113,1,1.7297
70,68,1,1.6088
118,99,1,1.2268
72,65,2,1.2804
111,78,2,1.0722
114,100,1,0.8871
61,101,1,1.4557
102,118,1,1.0834
76,113,1,1.3468
107,80,1,2.0567
83,118,1,1.2474
90,119,2,2.0895
88,80,2,1.9253
86,69,2,1.5108
112,70,2,1.1157
107,83,2,1.3784
110,117,1,3.3265
77,116,1,2.8013
71,106,1,0.97414
109,70,2,0.9962
63,98,1,0.89736
70,82,1,1.0839
101,87,1,1.084
64,118,1,0.73371
84,102,2,1.0615
62,81,1,1.0274
110,108,2,0.9853
90,76,2,1.0514
81,91,1,0.89888
119,116,1,1.0832
106,63,2,0.95206
114,82,1,1.4447
108,109,1,1.4564
86,100,1,0.95183
88,118,2,1.0175
83,109,2,1.4122
84,91,2,1.0833
100,69,2,1.1393
104,101,2,0.99498
90,75,2,0.70025
100,89,2,2.2215
69,104,1,1.6745
82,96,1,1.1707
63,95,1,1.1055
91,79,1,2.0355
89,68,2,1.0289
77,76,1,1.1596
98,114,1,1.3571
90,103,2,1.4888
75,120,1,1.3008
101,106,2,1.6198
78,67,2,1.9938
71,70,2,1.0292
99,77,2,1.0402
113,84,2,1.2467
75,67,1,1.1604
117,65,2,0.83142
112,97,1,1.281
102,72,1,1.6315
119,70,2,0.84356
89,69,2,1.5552
103,79,2,1.8052
95,75,2,1.2926
89,104,2,1.5528
116,98,2,1.2148
69,75,2,0.75557
85,72,2,1.0837
79,70,2,1.0832
85,120,1,1.597
106,69,2,1.2147
103,102,2,1.314
92,86,1,1.6775
115,62,2,0.95193
83,111,1,1.2478
106,114,2,1.5644
89,73,1,1.7063
61,75,2,1.0171
69,62,2,1.412
92,106,1,1.6086
96,105,1,1.8049
101,86,1,1.4551
107,106,1,1.489
70,62,1,1.7395
74,96,1,1.1924
