<><><><><><><><> 
Begin: 06-Feb-2014 17:58:25 
Matlab version  8.2.0.701 (R2013b) 
Psychtoolbox version  3.0.11 - Flavor: beta - Corresponds to SVN Revision 4331
For more info visit:
https 
Subjid: s11 Run Number: 2 
<><><><><><><><> 
Columns info in data file: 
1. display side (left 1/right 0) 2. # indvd  3. # gend  
4. response (masc - 1 :: fem - 7) 5. RT  
<><><><><><><><> 
Columns info in (this) info file: 
1. Stimulus start time (from trial start) 2. Stimulus off-time(from stimulus start time) 
3. RT or max response duration, if no response (from stimulus start time) 
 
1.001 1.636 1.636 
0.350 0.963 0.963 
0.484 1.181 1.181 
0.250 0.875 0.875 
0.617 1.597 1.597 
0.467 0.843 0.843 
0.350 0.853 0.853 
0.366 0.952 0.952 
0.934 1.227 1.227 
0.750 0.602 0.602 
0.584 0.647 0.647 
0.934 1.817 1.817 
0.285 1.095 1.095 
0.801 1.773 1.773 
0.783 1.181 1.181 
0.651 1.423 1.423 
0.350 1.214 1.214 
0.685 1.630 1.630 
0.451 1.159 1.159 
0.317 0.635 0.635 
0.366 1.160 1.160 
0.917 0.689 0.689 
0.267 1.018 1.018 
0.400 1.510 1.510 
0.250 0.820 0.820 
0.552 0.646 0.646 
0.217 1.630 1.630 
0.918 0.963 0.963 
0.366 0.788 0.788 
0.283 0.743 0.743 
0.452 0.745 0.745 
0.566 1.412 1.412 
0.284 0.711 0.711 
1.002 0.580 0.580 
0.467 1.192 1.192 
0.433 1.258 1.258 
0.251 0.996 0.996 
0.434 1.236 1.236 
0.234 2.244 2.244 
0.602 1.411 1.411 
0.817 1.269 1.269 
0.702 1.444 1.444 
0.267 1.160 1.160 
0.268 0.875 0.875 
0.819 1.553 1.553 
0.933 0.996 0.996 
0.634 0.788 0.788 
0.282 0.831 0.831 
0.867 0.908 0.908 
0.468 0.745 0.745 
0.433 0.985 0.985 
0.800 0.777 0.777 
0.216 1.083 1.083 
0.235 1.970 1.970 
0.734 1.290 1.290 
0.684 1.656 1.656 
0.618 1.414 1.414 
0.784 1.063 1.063 
0.767 1.390 1.390 
0.834 1.336 1.336 
0.434 0.964 0.964 
0.749 1.051 1.051 
0.650 1.063 1.063 
0.516 1.259 1.259 
0.250 1.139 1.139 
0.833 1.850 1.850 
0.467 1.226 1.226 
0.684 1.423 1.423 
0.801 2.167 2.167 
0.284 1.457 1.457 
0.300 1.007 1.007 
0.650 1.609 1.609 
0.584 0.974 0.974 
0.918 1.390 1.390 
0.850 1.138 1.138 
0.784 0.689 0.689 
0.250 2.855 2.855 
0.267 1.796 1.796 
0.268 1.172 1.172 
0.834 1.784 1.784 
0.952 0.941 0.941 
0.752 1.533 1.533 
0.301 1.115 1.115 
0.785 0.832 0.832 
0.284 0.810 0.810 
0.300 0.996 0.996 
0.718 0.985 0.985 
0.468 0.986 0.986 
0.734 1.794 1.794 
0.801 0.864 0.864 
0.668 1.214 1.214 
0.800 1.336 1.336 
0.385 0.919 0.919 
0.783 0.941 0.941 
0.984 1.269 1.269 
0.901 1.182 1.182 
0.268 0.908 0.908 
0.501 1.587 1.587 
0.501 1.051 1.051 
0.751 1.532 1.532 
0.684 1.160 1.160 
0.834 2.079 2.079 
0.501 1.357 1.357 
0.366 1.073 1.073 
0.267 0.909 0.909 
0.818 0.821 0.821 
0.367 1.193 1.193 
0.518 0.635 0.635 
0.651 0.799 0.799 
0.385 0.832 0.832 
0.718 1.684 1.684 
0.585 0.645 0.645 
0.317 1.433 1.433 
0.833 1.356 1.356 
0.285 3.415 3.415 
0.433 0.875 0.875 
0.400 1.160 1.160 
0.634 0.776 0.776 
0.284 1.051 1.051 
0.534 1.433 1.433 
0.285 1.029 1.029 
0.300 0.930 0.930 
0.835 1.138 1.138 
0.435 1.117 1.117 
0.683 0.820 0.820 
0.967 1.575 1.575 
0.551 1.160 1.160 
0.751 0.897 0.897 
0.817 0.712 0.712 
0.551 0.941 0.941 
0.734 1.225 1.225 
0.284 0.898 0.898 
0.951 2.115 2.115 
0.351 2.100 2.100 
0.418 1.084 1.084 
0.834 1.467 1.467 
0.601 1.149 1.149 
0.818 1.269 1.269 
0.517 1.315 1.315 
0.416 1.052 1.052 
0.235 1.151 1.151 
0.734 0.999 0.999 
0.550 0.877 0.877 
0.567 0.865 0.865 
0.684 1.532 1.532 
0.250 1.094 1.094 
0.451 0.843 0.843 
0.818 2.002 2.002 
0.767 1.062 1.062 
0.300 1.434 1.434 
0.300 1.083 1.083 
0.284 1.401 1.401 
0.216 1.028 1.028 
0.534 0.941 0.941 
0.734 0.700 0.700 
0.784 0.810 0.810 
0.634 0.809 0.809 
0.284 1.029 1.029 
0.700 0.733 0.733 
0.300 0.634 0.634 
0.316 1.160 1.160 
0.285 1.629 1.629 
0.317 0.011 0.011 
0.334 0.011 0.011 
0.366 0.613 0.613 
0.451 1.248 1.248 
0.450 1.083 1.083 
0.384 1.028 1.028 
0.400 0.767 0.767 
0.917 0.985 0.985 
0.768 0.865 0.865 
0.652 0.985 0.985 
0.351 0.580 0.580 
0.368 0.679 0.679 
0.268 0.449 0.449 
0.935 0.624 0.624 
0.768 0.734 0.734 
0.652 0.657 0.657 
0.451 0.810 0.810 
0.333 0.547 0.547 
0.700 0.547 0.547 
1.000 0.712 0.712 
0.334 0.689 0.689 
0.402 1.028 1.028 
0.516 0.941 0.941 
0.267 0.547 0.547 
0.751 0.952 0.952 
0.517 0.909 0.909 
0.984 0.623 0.623 
0.518 1.160 1.160 
0.702 1.423 1.423 
0.334 2.024 2.024 
0.516 0.985 0.985 
0.334 1.007 1.007 
0.817 1.335 1.335 
0.900 1.181 1.181 
0.483 1.149 1.149 
0.751 0.766 0.766 
0.434 1.182 1.182 
0.633 1.685 1.685 
0.868 0.953 0.953 
0.685 1.620 1.620 
0.466 1.073 1.073 
0.435 1.291 1.291 
0.567 0.962 0.962 
0.535 1.215 1.215 
0.484 0.723 0.723 
0.652 0.865 0.865 
0.800 1.117 1.117 
0.550 0.996 0.996 
0.551 1.137 1.137 
0.300 1.564 1.564 
0.218 0.788 0.788 
0.435 1.051 1.051 
0.451 0.887 0.887 
0.733 1.280 1.280 
0.968 1.170 1.170 
0.951 1.127 1.127 
0.567 1.685 1.685 
0.400 1.214 1.214 
0.818 0.930 0.930 
0.816 0.886 0.886 
0.801 0.919 0.919 
0.800 0.613 0.613 
0.284 0.864 0.864 
0.751 0.898 0.898 
0.568 0.613 0.613 
0.368 0.766 0.766 
0.285 0.942 0.942 
0.868 0.799 0.799 
0.349 0.656 0.656 
0.334 0.908 0.908 
0.734 0.799 0.799 
0.919 0.558 0.558 
0.618 0.602 0.602 
0.766 0.865 0.865 
0.333 0.832 0.832 
0.968 0.722 0.722 
0.634 0.689 0.689 
0.751 0.745 0.745 
<><><><><><><><> 
Response (Std deviation):  2.21 
RT (mean):  1.10 
Consistency:  0.86 
<><><><><><><><> 
End: 06-Feb-2014 18:05:11 
