67,120,1,1.0339
62,78,1,0.90941
116,64,2,0.89825
119,107,2,1.2162
83,113,1,1.7628
91,97,1,1.6115
104,107,2,1.4674
85,105,1,1.3474
69,66,2,1.2925
117,107,2,1.6313
112,69,1,1.0727
93,88,1,0.64638
112,117,2,1.6754
104,83,1,0.9093
111,89,1,1.2932
115,62,2,1.8948
113,89,2,2.5307
68,107,2,1.2584
92,93,2,1.2926
94,76,1,1.7748
111,97,1,1.1049
91,102,2,0.8547
111,118,2,1.0529
66,94,2,1.0959
93,102,1,0.69013
101,69,1,1.9826
98,80,2,1.3137
89,105,1,0.83238
115,117,2,3.9227
84,72,2,0.92038
65,92,1,0.84335
109,95,1,1.456
120,94,2,1.0517
93,105,1,0.69012
77,75,1,0.97523
64,62,1,1.0296
97,79,2,1.1064
104,64,1,1.0184
115,81,2,1.1825
103,106,1,1.6976
79,107,2,1.7298
73,108,1,0.96446
89,110,1,1.775
111,63,2,1.4889
103,120,1,1.0298
84,110,1,2.0149
86,76,2,3.0886
119,77,2,0.89795
95,79,2,1.1283
120,100,2,1.4686
82,79,2,0.9305
84,74,2,0.95233
64,113,1,0.70128
92,66,2,0.98592
104,97,1,0.81033
74,65,2,3.2866
78,68,2,0.97507
108,77,2,0.86665
78,107,2,0.87641
76,77,2,0.96401
61,64,2,0.80965
86,89,1,1.841
61,79,2,1.5446
72,81,1,0.67905
68,105,1,0.62438
107,103,1,0.8541
101,78,1,0.80012
94,69,1,0.86593
110,65,2,1.2388
114,62,2,0.87728
75,118,2,1.4129
62,68,2,2.1254
114,102,2,1.1836
118,87,1,0.97485
81,99,1,1.1387
117,102,2,0.98671
75,112,1,1.0632
80,63,2,2.4111
67,118,2,1.26
114,75,2,1.6428
95,73,2,1.0302
116,96,1,1.38
113,88,2,0.98555
80,103,2,1.1394
82,111,2,0.88791
103,110,1,1.0839
96,104,2,0.86501
92,91,1,1.1828
78,117,1,0.87589
65,84,1,0.71223
70,64,1,1.0748
94,61,1,0.92037
93,118,1,0.9528
106,71,1,0.90914
119,67,1,1.7301
115,105,1,1.0075
97,85,2,0.93137
106,62,1,1.6107
80,67,1,1.2585
107,93,2,1.3808
89,84,2,2.3022
109,115,1,1.1513
80,93,2,0.96508
119,69,1,1.1067
89,65,2,1.4795
78,112,1,3.2116
73,92,2,1.3907
100,98,1,1.0304
109,81,2,1.7188
66,110,1,1.2705
77,94,2,2.5746
99,104,2,1.0956
91,87,1,1.2601
68,115,1,1.0403
79,67,1,1.0737
105,107,2,1.0083
113,84,2,1.491
108,61,2,1.0298
63,66,2,1.3031
100,104,2,0.91004
90,64,2,0.81138
78,88,2,1.0065
68,76,1,1.866
82,80,2,1.818
109,91,1,1.523
62,100,1,1.7853
116,83,2,1.1061
93,90,1,0.83167
94,71,1,1.1956
95,77,2,1.8512
75,71,1,1.7859
61,96,1,0.97549
69,70,2,0.8986
86,62,2,1.8523
95,108,1,2.3761
101,65,2,1.4241
110,70,2,0.9094
74,109,1,0.97439
63,62,2,1.151
75,115,1,1.1611
103,68,2,1.1507
94,107,1,0.6676
63,77,2,1.249
109,62,2,1.5442
85,87,1,1.7306
99,117,1,1.1605
95,98,1,0.99747
118,83,1,1.0403
68,84,1,0.84392
83,66,1,1.074
89,114,1,2.2134
73,72,2,1.1932
62,71,1,1.3148
67,87,1,0.99697
76,69,1,1.217
68,114,1,0.93119
61,113,1,1.9163
99,80,2,1.4462
98,101,2,1.0306
105,83,2,0.82241
109,101,1,1.7751
115,61,2,0.96357
111,106,2,1.961
69,84,2,1.0196
120,73,2,0.94235
102,108,1,0.87628
81,112,2,1.3699
115,83,2,0.8757
99,90,1,1.1282
107,65,2,1.3586
72,114,1,1.0632
81,70,2,1.1169
76,103,1,1.6217
113,78,2,1.8393
107,87,1,1.2488
95,111,1,2.7302
85,99,1,1.4242
80,115,1,0.97582
108,104,2,0.96386
64,99,1,0.82217
105,91,2,0.71321
112,85,2,1.2045
102,95,1,0.99679
113,87,1,2.005
70,120,1,0.79975
90,94,2,0.86569
110,77,2,1.227
62,75,2,1.3368
70,63,1,1.0847
77,97,1,0.78836
105,112,2,1.6328
98,117,2,3.2427
112,64,2,0.97497
102,80,1,0.99671
70,88,1,0.79975
64,120,1,0.97477
116,104,2,0.82186
95,78,1,0.95375
94,103,1,0.75551
84,114,1,1.8732
106,83,2,3.8468
78,64,2,1.1282
82,86,2,1.7651
65,117,1,0.84389
91,106,2,1.2265
88,117,1,0.97566
80,65,2,0.85454
89,98,1,2.2683
70,66,1,0.72337
79,78,1,1.1724
77,88,2,2.07
101,114,1,1.2492
93,113,1,0.63572
89,62,2,0.94245
90,76,2,0.81037
91,103,2,1.0303
70,68,1,1.1827
80,100,1,1.0733
104,106,1,0.76709
112,110,1,1.4132
70,65,1,1.7518
99,76,2,1.1397
87,88,2,0.88707
110,118,2,0.79982
104,105,1,0.84402
93,85,1,0.89878
118,113,1,0.99686
88,69,1,0.77782
90,80,2,0.85481
67,105,1,0.94272
62,79,2,1.1723
74,87,1,1.0304
103,66,2,1.1943
81,101,1,1.0082
65,93,1,1.842
90,112,2,1.184
111,66,2,0.96448
104,62,1,0.82216
108,93,2,1.0081
89,73,2,0.9858
85,62,2,1.961
92,76,2,1.008
104,91,1,0.86576
90,87,2,0.75578
91,112,2,1.7621
89,69,1,1.2703
119,101,1,1.4787
68,72,2,1.1829
108,64,2,1.0188
101,115,1,1.2042
97,118,2,0.74557
115,106,2,0.92039
73,69,1,0.94276
107,72,2,0.96325
116,71,2,0.73396
67,64,2,0.90861
114,94,2,0.83288
87,106,2,0.8981
103,95,1,1.1727
110,94,2,0.87683
91,66,2,0.81251
90,110,2,0.75659
118,116,1,1.0639
110,107,2,0.89902
78,93,2,1.0843
75,63,1,1.1172
82,105,1,0.99712
83,67,1,1.2825
86,108,1,1.9833
65,106,1,0.95332
113,98,1,0.87617
107,69,1,1.324
104,61,1,0.84394
111,81,2,1.611
103,69,1,0.93218
78,87,1,1.0624
84,92,2,2.2008
68,75,1,1.9942
111,77,2,1.3479
98,67,2,2.3903
87,112,2,1.4128
90,71,2,0.95352
69,64,2,0.95303
117,94,2,1.1286
82,113,1,3.6923
114,63,2,1.4679
97,75,2,1.2052
102,105,1,0.74485
84,93,2,0.96481
98,72,2,1.5222
120,99,2,1.7747
103,75,2,1.6107
83,97,1,2.1142
92,102,2,0.93097
72,101,1,1.1514
