<><><><><><><><> 
Begin: 01-Oct-2014 15:24:39 
Matlab version  8.2.0.701 (R2013b) 
Psychtoolbox version  3.0.11 
Subjid: s19 Run Number: 6 
<><><><><><><><> 
Columns info in data file: 
1. left indvd 2. # right indvd  
3. response (left - 1 :: right - 2) 4. RT  
<><><><><><><><> 
Columns info in (this) info file: 
1. Stimulus start time (from trial start) 2. Stimulus off-time(from stimulus start time) 
3. RT or max response duration, if no response (from stimulus start time) 
 
1.002 2.168 2.168 
0.533 1.707 1.707 
0.567 1.696 1.696 
0.250 1.607 1.607 
0.568 1.060 1.060 
0.451 1.565 1.565 
0.234 1.411 1.411 
0.317 2.385 2.385 
0.417 1.214 1.214 
0.585 1.651 1.651 
0.583 2.077 2.077 
0.267 1.104 1.104 
0.584 2.100 2.100 
0.584 1.290 1.290 
0.400 1.423 1.423 
0.517 2.527 2.527 
0.267 1.990 1.990 
0.367 3.369 3.369 
0.567 1.136 1.136 
0.517 1.444 1.444 
0.584 1.126 1.126 
0.467 1.094 1.094 
0.217 1.586 1.586 
0.534 1.225 1.225 
0.583 1.203 1.203 
0.467 2.023 2.023 
0.501 1.192 1.192 
0.502 1.280 1.280 
0.367 2.375 2.375 
0.468 2.133 2.133 
0.266 1.553 1.553 
0.484 0.733 0.733 
0.217 1.695 1.695 
0.316 0.962 0.962 
0.217 1.345 1.345 
0.233 1.225 1.225 
0.533 2.525 2.525 
0.484 1.027 1.027 
0.334 1.104 1.104 
0.584 1.159 1.159 
0.216 1.389 1.389 
0.383 2.471 2.471 
0.351 1.028 1.028 
0.501 1.050 1.050 
0.517 0.973 0.973 
0.283 3.150 3.150 
0.401 1.389 1.389 
0.383 2.570 2.570 
0.467 1.301 1.301 
0.484 1.541 1.541 
0.501 2.221 2.221 
0.316 1.093 1.093 
0.467 0.864 0.864 
0.467 1.126 1.126 
0.267 1.564 1.564 
0.250 1.399 1.399 
0.401 1.028 1.028 
0.584 1.060 1.060 
0.334 0.951 0.951 
0.434 1.039 1.039 
0.300 1.368 1.368 
0.501 3.850 3.850 
0.300 3.479 3.479 
0.401 1.280 1.280 
0.483 1.344 1.344 
0.566 1.356 1.356 
0.583 0.842 0.842 
0.418 0.886 0.886 
0.250 0.973 0.973 
0.267 0.896 0.896 
0.300 1.214 1.214 
0.534 0.853 0.853 
0.301 1.006 1.006 
0.534 1.422 1.422 
0.300 2.735 2.735 
0.567 1.279 1.279 
0.335 2.362 2.362 
0.284 1.564 1.564 
0.300 1.214 1.214 
0.451 3.994 4.081 
0.384 1.203 1.203 
0.350 0.930 0.930 
0.533 1.913 1.913 
0.433 1.738 1.738 
0.418 1.072 1.072 
0.566 1.246 1.246 
0.317 0.919 0.919 
0.500 1.901 1.901 
0.501 1.028 1.028 
0.350 2.035 2.035 
0.434 1.213 1.213 
0.233 1.499 1.499 
0.217 1.749 1.749 
0.417 1.958 1.958 
0.517 1.554 1.554 
0.584 2.056 2.056 
0.250 1.455 1.455 
0.434 1.510 1.510 
0.384 1.893 1.893 
0.200 1.050 1.050 
0.334 3.533 3.533 
0.266 1.400 1.400 
0.518 2.079 2.079 
0.333 1.706 1.706 
0.417 1.060 1.060 
0.267 1.509 1.509 
0.450 1.148 1.148 
0.301 1.410 1.410 
0.467 1.236 1.236 
0.484 0.908 0.908 
0.501 1.182 1.182 
0.384 2.822 2.822 
0.234 3.576 3.576 
0.300 1.192 1.192 
0.567 0.996 0.996 
0.267 2.767 2.767 
0.535 2.045 2.045 
0.417 1.126 1.126 
0.600 2.186 2.186 
0.234 2.077 2.077 
0.384 3.991 4.212 
0.251 2.931 2.931 
0.584 1.006 1.006 
0.201 0.962 0.962 
0.517 1.631 1.631 
0.534 2.572 2.572 
0.550 2.547 2.547 
0.233 1.509 1.509 
0.367 1.050 1.050 
0.300 1.411 1.411 
0.517 1.040 1.040 
0.367 1.093 1.093 
0.567 1.674 1.674 
0.266 1.182 1.182 
0.300 0.951 0.951 
0.266 2.168 2.168 
0.251 1.368 1.368 
0.551 1.160 1.160 
0.434 1.279 1.279 
0.417 2.319 2.319 
0.267 1.302 1.302 
0.550 1.006 1.006 
0.450 1.433 1.433 
0.350 1.882 1.882 
0.401 0.962 0.962 
0.368 1.476 1.476 
0.235 1.848 1.848 
0.301 1.619 1.619 
0.251 1.039 1.039 
0.283 1.182 1.182 
0.300 1.268 1.268 
0.367 1.247 1.247 
0.216 1.313 1.313 
0.568 1.509 1.509 
0.584 2.572 2.572 
0.400 2.023 2.023 
0.400 3.062 3.062 
0.334 1.510 1.510 
0.567 1.137 1.137 
0.350 1.771 1.771 
0.249 1.674 1.674 
0.517 1.937 1.937 
0.351 2.230 2.230 
0.300 1.389 1.389 
0.367 2.329 2.329 
0.235 1.335 1.335 
0.250 2.122 2.122 
0.584 2.045 2.045 
0.584 3.521 3.521 
0.434 3.753 3.753 
0.234 1.565 1.565 
0.300 3.360 3.360 
0.350 2.396 2.396 
0.534 1.346 1.346 
0.201 1.521 1.521 
0.217 3.053 3.053 
0.267 1.335 1.335 
0.467 1.071 1.071 
0.501 0.941 0.941 
0.467 1.335 1.335 
0.384 1.367 1.367 
0.418 2.734 2.734 
0.318 1.433 1.433 
0.500 1.291 1.291 
0.284 1.268 1.268 
0.484 1.673 1.673 
0.284 1.892 1.892 
0.350 1.522 1.522 
0.450 2.286 2.286 
0.517 1.268 1.268 
0.234 1.739 1.739 
0.583 1.083 1.083 
0.517 3.272 3.272 
0.400 3.127 3.127 
0.383 2.264 2.264 
0.384 1.488 1.488 
0.317 1.170 1.170 
0.400 0.897 0.897 
0.401 0.963 0.963 
0.534 1.291 1.291 
0.517 2.416 2.416 
0.467 2.811 2.811 
0.350 1.160 1.160 
0.533 2.112 2.112 
0.418 1.344 1.344 
0.350 1.619 1.619 
0.584 1.096 1.096 
0.551 1.553 1.553 
0.417 2.221 2.221 
0.451 2.493 2.493 
0.433 1.914 1.914 
0.284 1.455 1.455 
0.316 0.864 0.864 
0.384 1.335 1.335 
0.300 0.810 0.810 
0.534 0.743 0.743 
0.284 2.462 2.462 
0.300 1.488 1.488 
0.267 1.137 1.137 
0.300 1.259 1.259 
0.383 1.640 1.640 
0.333 1.400 1.400 
0.568 0.984 0.984 
0.367 1.105 1.105 
0.283 1.247 1.247 
0.567 3.400 3.400 
0.600 1.728 1.728 
0.383 0.776 0.776 
0.249 1.050 1.050 
0.301 1.564 1.564 
0.367 1.235 1.235 
0.434 1.619 1.619 
0.301 1.903 1.903 
0.450 3.009 3.009 
0.485 0.875 0.875 
0.284 0.886 0.886 
0.250 0.711 0.711 
0.317 1.400 1.400 
0.334 3.992 4.519 
0.366 1.006 1.006 
0.401 1.662 1.662 
0.233 1.739 1.739 
0.300 3.336 3.336 
0.518 1.728 1.728 
0.216 3.456 3.456 
0.567 1.640 1.640 
0.500 1.565 1.565 
0.401 0.940 0.940 
0.434 1.116 1.116 
0.300 1.191 1.191 
0.383 0.799 0.799 
0.583 2.428 2.428 
0.417 1.367 1.367 
0.417 1.181 1.181 
0.300 1.126 1.126 
0.400 3.992 4.157 
0.451 1.356 1.356 
0.467 1.432 1.432 
0.366 1.324 1.324 
0.350 1.094 1.094 
0.600 1.061 1.061 
0.217 2.755 2.755 
0.551 1.028 1.028 
0.566 1.192 1.192 
0.517 2.057 2.057 
0.249 1.849 1.849 
0.301 1.783 1.783 
0.333 2.408 2.408 
0.468 1.749 1.749 
0.249 2.089 2.089 
0.484 1.433 1.433 
0.250 2.308 2.308 
0.467 1.814 1.814 
0.401 1.499 1.499 
0.517 1.499 1.499 
0.483 1.301 1.301 
0.567 1.509 1.509 
0.567 1.389 1.389 
0.333 1.946 1.946 
0.483 1.259 1.259 
0.284 3.948 3.948 
0.216 1.717 1.717 
0.501 1.531 1.531 
0.400 2.155 2.155 
0.400 1.455 1.455 
0.568 1.378 1.378 
0.450 2.056 2.056 
0.451 1.247 1.247 
0.551 2.154 2.154 
0.518 2.482 2.482 
0.434 1.771 1.771 
0.284 2.646 2.646 
0.300 1.084 1.084 
0.551 2.296 2.296 
0.216 1.553 1.553 
<><><><><><><><> 
RT (mean):  1.68 
Consistency:  0.14 
Self Consistency:  0.75 
<><><><><><><><> 
End: 01-Oct-2014 15:35:01 
