<><><><><><><><> 
Begin: 17-Nov-2014 12:26:22 
Matlab version  8.2.0.701 (R2013b) 
Psychtoolbox version  3.0.11 
Subjid: s51 Run Number: 3 
<><><><><><><><> 
Columns info in data file: 
1. left indvd 2. # right indvd  
3. response (left - 1 :: right - 2) 4. RT  
<><><><><><><><> 
Columns info in (this) info file: 
1. Stimulus start time (from trial start) 2. Stimulus off-time(from stimulus start time) 
3. RT or max response duration, if no response (from stimulus start time) 
 
1.001 1.739 1.739 
0.533 1.895 1.895 
0.567 1.577 1.577 
0.251 2.564 2.564 
0.568 1.873 1.873 
0.450 2.400 2.400 
0.234 2.300 2.300 
0.318 3.244 3.244 
0.417 1.972 1.972 
0.585 2.301 2.301 
0.584 1.742 1.742 
0.267 2.432 2.432 
0.584 2.037 2.037 
0.584 2.083 2.083 
0.401 2.169 2.169 
0.518 2.323 2.323 
0.266 2.684 2.684 
0.367 1.851 1.851 
0.567 1.730 1.730 
0.517 2.114 2.114 
0.584 3.211 3.211 
0.468 2.400 2.400 
0.216 1.983 1.983 
0.535 1.326 1.326 
0.584 1.939 1.939 
0.467 1.315 1.315 
0.501 2.245 2.245 
0.501 2.103 2.103 
0.367 1.676 1.676 
0.467 2.959 2.959 
0.268 2.345 2.345 
0.484 2.498 2.498 
0.217 3.628 3.628 
0.317 1.468 1.468 
0.217 1.513 1.513 
0.235 2.049 2.049 
0.534 1.752 1.752 
0.484 1.929 1.929 
0.334 1.687 1.687 
0.584 3.308 3.308 
0.217 1.556 1.556 
0.383 1.632 1.632 
0.350 1.479 1.479 
0.516 1.161 1.161 
0.518 1.577 1.577 
0.283 1.841 1.841 
0.400 3.102 3.102 
0.383 3.056 3.056 
0.467 2.136 2.136 
0.484 1.710 1.710 
0.500 2.465 2.465 
0.317 1.490 1.490 
0.483 1.709 1.709 
0.467 1.578 1.578 
0.266 1.545 1.545 
0.250 2.411 2.411 
0.400 1.862 1.862 
0.584 3.638 3.638 
0.334 2.608 2.608 
0.435 3.297 3.297 
0.284 3.287 3.287 
0.502 2.083 2.083 
0.300 3.997 4.180 
0.401 1.578 1.578 
0.484 2.005 2.005 
0.567 1.665 1.665 
0.583 2.026 2.026 
0.417 1.677 1.677 
0.251 1.380 1.380 
0.266 1.643 1.643 
0.300 1.787 1.787 
0.534 1.873 1.873 
0.300 2.466 2.466 
0.534 1.458 1.458 
0.301 2.991 2.991 
0.568 1.457 1.457 
0.350 1.709 1.709 
0.284 1.819 1.819 
0.301 1.260 1.260 
0.451 1.666 1.666 
0.384 1.546 1.546 
0.350 1.118 1.118 
0.533 2.016 2.016 
0.434 1.534 1.534 
0.417 1.917 1.917 
0.567 1.533 1.533 
0.317 2.005 2.005 
0.501 2.816 2.816 
0.501 1.785 1.785 
0.351 2.772 2.772 
0.434 2.552 2.552 
0.234 2.741 2.741 
0.217 1.719 1.719 
0.417 1.227 1.227 
0.517 2.979 2.979 
0.584 2.970 2.970 
0.250 1.721 1.721 
0.434 3.562 3.562 
0.384 3.067 3.067 
0.200 1.863 1.863 
0.334 2.344 2.344 
0.267 1.458 1.458 
0.518 2.116 2.116 
0.334 1.315 1.315 
0.417 1.885 1.885 
0.267 2.158 2.158 
0.450 1.249 1.249 
0.300 1.590 1.590 
0.467 2.290 2.290 
0.484 2.015 2.015 
0.502 1.858 1.858 
0.385 1.564 1.564 
0.234 1.238 1.238 
0.300 1.776 1.776 
0.567 1.358 1.358 
0.266 2.849 2.849 
0.534 1.853 1.853 
0.417 1.819 1.819 
0.601 1.754 1.754 
0.233 2.411 2.411 
0.384 2.794 2.794 
0.250 3.988 5.253 
0.584 2.663 2.663 
0.201 2.839 2.839 
0.517 1.336 1.336 
0.534 1.808 1.808 
0.550 1.808 1.808 
0.234 1.544 1.544 
0.367 1.701 1.701 
0.300 1.600 1.600 
0.517 1.741 1.741 
0.384 2.312 2.312 
0.567 2.027 2.027 
0.283 1.972 1.972 
0.301 1.852 1.852 
0.267 1.765 1.765 
0.250 2.006 2.006 
0.550 2.521 2.521 
0.433 1.764 1.764 
0.417 2.466 2.466 
0.266 1.994 1.994 
0.551 3.012 3.012 
0.451 2.488 2.488 
0.350 2.169 2.169 
0.417 1.346 1.346 
0.367 2.377 2.377 
0.235 1.349 1.349 
0.300 2.290 2.290 
0.250 2.641 2.641 
0.283 1.917 1.917 
0.301 1.665 1.665 
0.367 1.688 1.688 
0.217 1.745 1.745 
0.568 1.808 1.808 
0.584 1.534 1.534 
0.401 2.049 2.049 
0.401 1.556 1.556 
0.334 1.720 1.720 
0.567 1.435 1.435 
0.350 1.753 1.753 
0.251 2.651 2.651 
0.517 2.115 2.115 
0.367 1.534 1.534 
0.300 2.816 2.816 
0.367 1.886 1.886 
0.234 1.994 1.994 
0.250 2.829 2.829 
0.583 1.710 1.710 
0.583 1.840 1.840 
0.434 1.479 1.479 
0.233 1.994 1.994 
0.300 2.224 2.224 
0.350 1.621 1.621 
0.534 1.556 1.556 
0.201 1.775 1.775 
0.217 2.169 2.169 
0.267 2.586 2.586 
0.467 2.553 2.553 
0.501 1.875 1.875 
0.467 2.125 2.125 
0.384 1.106 1.106 
0.417 1.567 1.567 
0.317 1.862 1.862 
0.500 1.708 1.708 
0.283 1.753 1.753 
0.484 1.545 1.545 
0.283 1.239 1.239 
0.350 1.205 1.205 
0.450 1.315 1.315 
0.518 1.644 1.644 
0.234 1.610 1.610 
0.567 1.402 1.402 
0.517 1.490 1.490 
0.400 1.468 1.468 
0.384 1.249 1.249 
0.384 1.785 1.785 
0.318 2.016 2.016 
0.401 2.083 2.083 
0.401 2.607 2.607 
0.534 2.181 2.181 
0.517 1.895 1.895 
0.467 1.863 1.863 
0.351 3.999 4.059 
0.534 1.314 1.314 
0.418 2.158 2.158 
0.350 2.466 2.466 
0.584 1.753 1.753 
0.551 1.556 1.556 
0.418 1.479 1.479 
0.450 1.623 1.623 
0.434 1.611 1.611 
0.284 1.840 1.840 
0.318 1.764 1.764 
0.384 1.676 1.676 
0.300 1.600 1.600 
0.534 2.532 2.532 
0.284 1.567 1.567 
0.300 1.643 1.643 
0.268 1.884 1.884 
0.300 1.786 1.786 
0.383 1.666 1.666 
0.333 1.654 1.654 
0.567 2.072 2.072 
0.384 1.961 1.961 
0.284 2.038 2.038 
0.567 1.784 1.784 
0.601 1.753 1.753 
0.383 1.950 1.950 
0.251 1.622 1.622 
0.300 2.005 2.005 
0.367 1.852 1.852 
0.434 1.589 1.589 
0.300 1.293 1.293 
0.450 1.293 1.293 
0.483 2.234 2.234 
0.285 1.577 1.577 
0.250 1.808 1.808 
0.317 1.589 1.589 
0.334 1.491 1.491 
0.367 1.413 1.413 
0.401 1.392 1.392 
0.234 1.468 1.468 
0.300 2.071 2.071 
0.517 1.994 1.994 
0.217 1.250 1.250 
0.568 1.052 1.052 
0.501 1.600 1.600 
0.401 1.434 1.434 
0.433 1.194 1.194 
0.300 1.665 1.665 
0.384 1.566 1.566 
0.585 1.534 1.534 
0.417 1.380 1.380 
0.417 1.467 1.467 
0.300 1.369 1.369 
0.400 2.476 2.476 
0.451 1.369 1.369 
0.466 1.293 1.293 
0.367 1.237 1.237 
0.350 1.227 1.227 
0.601 1.040 1.040 
0.217 1.874 1.874 
0.550 1.796 1.796 
0.567 1.140 1.140 
0.517 1.370 1.370 
0.234 1.019 1.019 
0.301 1.260 1.260 
0.334 1.445 1.445 
0.468 1.687 1.687 
0.250 1.753 1.753 
0.484 1.664 1.664 
0.249 1.677 1.677 
0.468 1.589 1.589 
0.401 1.675 1.675 
0.516 1.512 1.512 
0.484 1.807 1.807 
0.567 1.414 1.414 
0.551 1.654 1.654 
0.333 1.478 1.478 
0.483 2.104 2.104 
0.283 1.774 1.774 
0.217 1.522 1.522 
0.501 1.479 1.479 
0.400 1.457 1.457 
0.400 1.379 1.379 
0.568 1.161 1.161 
0.451 0.920 0.920 
0.450 2.038 2.038 
0.551 1.928 1.928 
0.518 2.213 2.213 
0.434 1.656 1.656 
0.283 2.037 2.037 
0.300 1.960 1.960 
0.550 2.038 2.038 
0.218 1.173 1.173 
<><><><><><><><> 
RT (mean):  1.91 
Consistency:  -0.05 
Self Consistency:  0.83 
<><><><><><><><> 
End: 17-Nov-2014 12:37:53 
