77,68,2,1.7387
116,71,2,1.8947
107,111,1,1.5775
80,99,2,2.5639
119,68,2,1.8734
90,107,2,2.3997
98,120,1,2.3004
99,114,2,3.2444
96,84,2,1.9725
63,88,2,2.3011
73,69,1,1.7421
72,92,1,2.4322
120,80,2,2.0372
86,115,2,2.0826
79,77,2,2.1686
109,80,1,2.3233
116,101,2,2.6842
79,100,1,1.8514
111,119,1,1.7302
97,91,1,2.114
93,105,2,3.2115
99,111,2,2.4001
61,86,1,1.9831
74,64,2,1.3258
120,108,2,1.9385
74,113,1,1.3148
67,69,1,2.2454
101,92,2,2.1031
80,113,2,1.6762
111,89,2,2.9592
98,119,2,2.3445
108,76,2,2.4978
97,99,2,3.6275
68,105,1,1.4685
88,104,2,1.5128
66,119,2,2.0491
93,100,1,1.7519
119,62,1,1.9287
72,95,1,1.6867
119,69,1,3.3083
110,99,2,1.5561
108,63,1,1.6322
94,62,2,1.4792
63,76,2,1.1611
87,109,2,1.5772
64,84,1,1.8411
71,85,1,3.1016
92,86,1,3.0561
82,117,2,2.1363
91,110,1,1.7096
107,75,1,2.465
76,78,2,1.4903
120,101,2,1.7091
91,68,2,1.5784
74,106,1,1.5451
63,78,2,2.4107
91,64,2,1.8623
77,78,1,3.6377
62,85,2,2.6083
72,74,1,3.297
66,77,2,3.2872
96,69,1,2.0827
92,87,1,4.1795
79,102,2,1.5784
112,61,2,2.005
91,81,2,1.665
82,120,1,2.0265
107,105,1,1.6765
73,92,1,1.38
84,71,2,1.643
78,73,2,1.7868
93,104,2,1.8726
68,103,1,2.4656
81,77,2,1.4582
83,114,1,2.9913
110,90,1,1.4574
102,113,1,1.7091
75,108,1,1.8186
63,73,2,1.2601
83,118,1,1.6656
102,69,1,1.5457
86,105,2,1.1179
98,116,2,2.0162
89,80,2,1.5345
109,99,1,1.9172
105,79,1,1.5335
65,72,2,2.0052
114,100,1,2.8157
96,98,2,1.7853
88,95,2,2.7724
62,65,1,2.5518
107,84,1,2.7405
110,80,2,1.7192
67,105,2,1.2271
100,69,1,2.9795
107,116,1,2.9698
87,64,2,1.7211
75,86,1,3.5616
66,72,2,3.0665
85,69,1,1.8635
63,67,2,2.3445
114,103,2,1.4584
105,76,1,2.1156
114,84,2,1.3146
99,96,2,1.8846
90,118,2,2.1583
68,63,1,1.2492
102,87,1,1.5896
92,110,2,2.2899
83,104,2,2.0155
97,96,1,1.8582
93,111,2,1.5644
87,116,1,1.238
110,102,2,1.7759
66,61,2,1.3578
93,87,1,2.8494
69,110,2,1.8527
74,95,1,1.8189
78,104,2,1.7536
103,100,1,2.4106
91,117,2,2.7938
75,66,1,5.2535
115,101,1,2.6626
74,65,2,2.8387
87,104,2,1.3362
110,114,2,1.8079
63,115,2,1.8081
118,70,2,1.5442
82,71,2,1.7005
108,65,2,1.5996
66,73,1,1.7407
103,99,1,2.3119
107,71,1,2.0274
118,110,1,1.9722
97,102,2,1.8522
108,105,2,1.7646
86,64,2,2.0058
89,119,1,2.5211
115,91,2,1.7639
86,96,1,2.466
77,93,1,1.994
101,117,1,3.0123
78,62,1,2.4884
70,84,1,2.1693
116,104,2,1.3462
90,106,2,2.3773
95,116,1,1.3491
86,112,1,2.29
62,99,1,2.6414
75,87,1,1.9173
65,73,1,1.6653
93,70,2,1.6884
120,76,2,1.7446
79,81,2,1.8083
104,119,1,1.5339
74,101,1,2.0488
64,70,2,1.5555
94,108,1,1.7195
88,68,2,1.4354
81,115,1,1.7529
65,85,1,2.6509
77,63,1,2.1151
80,81,2,1.5338
117,99,2,2.816
97,70,2,1.8856
80,86,2,1.9938
83,62,2,2.8287
92,119,2,1.71
67,108,2,1.8397
76,96,1,1.4789
97,87,1,1.9938
67,118,2,2.224
102,86,1,1.6213
120,79,2,1.5561
89,99,1,1.7746
112,105,2,2.1686
101,100,2,2.5864
71,76,1,2.5534
93,108,1,1.875
69,99,1,2.1249
111,70,2,1.1063
80,116,1,1.5669
110,67,1,1.8625
103,88,2,1.708
75,99,1,1.7525
66,107,2,1.5451
118,113,1,1.2387
115,106,1,1.2051
118,93,2,1.3146
81,86,1,1.644
65,109,1,1.6097
116,111,1,1.402
79,96,1,1.4902
89,87,2,1.4682
101,104,2,1.2486
118,116,1,1.7855
85,66,1,2.0164
78,110,1,2.0826
68,70,2,2.6069
114,78,2,2.1807
70,108,1,1.8947
114,74,2,1.8629
72,87,1,4.0586
111,98,2,1.314
114,63,1,2.1584
103,118,1,2.4656
100,71,2,1.7534
83,120,1,1.5562
68,117,1,1.4791
78,69,1,1.6226
77,99,1,1.6109
100,108,2,1.8401
73,68,1,1.7644
118,72,2,1.6763
116,79,2,1.6001
85,98,1,2.5319
111,76,2,1.5668
102,106,1,1.6432
71,92,1,1.8843
97,115,2,1.7863
120,78,2,1.6656
69,114,1,1.6535
109,77,1,2.0717
103,94,2,1.9614
85,111,1,2.0383
61,119,1,1.7836
88,76,2,1.7532
84,98,2,1.9504
80,93,1,1.6222
76,69,1,2.0049
106,75,2,1.852
89,103,2,1.5888
80,72,2,1.2933
96,114,1,1.2928
92,103,1,2.234
71,72,2,1.5768
98,62,2,1.8085
92,105,2,1.5886
76,65,2,1.4912
70,113,1,1.4134
88,61,2,1.3917
108,107,2,1.4679
101,85,2,2.071
70,117,1,1.9937
64,106,1,1.2497
115,78,2,1.0517
64,118,1,1.6001
111,113,1,1.4337
71,62,1,1.1942
97,108,2,1.665
88,78,2,1.5663
110,85,2,1.5337
97,71,2,1.3804
118,87,2,1.4668
103,108,2,1.3693
67,115,1,2.4763
64,69,1,1.3693
120,96,2,1.2927
91,70,2,1.2374
110,68,2,1.2275
66,118,1,1.0404
117,108,2,1.8739
76,102,2,1.7965
96,109,2,1.14
86,94,2,1.3701
89,96,1,1.0186
82,67,1,1.2601
103,107,2,1.4454
82,105,2,1.6874
75,72,1,1.7526
87,85,2,1.6644
83,100,1,1.6767
97,98,2,1.5888
115,85,1,1.6755
95,68,2,1.5123
70,73,1,1.8073
105,97,1,1.414
75,80,1,1.6538
81,84,2,1.4784
79,103,1,2.104
73,95,1,1.7744
63,103,2,1.5221
69,74,2,1.4792
68,100,1,1.4571
103,87,1,1.3788
90,77,2,1.1615
61,72,2,0.92036
98,90,1,2.0379
69,89,2,1.9281
105,102,2,2.213
95,96,1,1.6562
71,89,1,2.0373
64,101,1,1.9605
88,91,1,2.0381
71,83,1,1.1726
