<><><><><><><><> 
Begin: 06-Feb-2014 15:15:15 
Matlab version  8.2.0.701 (R2013b) 
Psychtoolbox version  3.0.11 - Flavor: beta - Corresponds to SVN Revision 4331
For more info visit:
https 
Subjid: s10 Run Number: 1 
<><><><><><><><> 
Columns info in data file: 
1. display side (left 1/right 0) 2. # indvd  3. # gend  
4. response (masc - 1 :: fem - 7) 5. RT  
<><><><><><><><> 
Columns info in (this) info file: 
1. Stimulus start time (from trial start) 2. Stimulus off-time(from stimulus start time) 
3. RT or max response duration, if no response (from stimulus start time) 
 
1.001 1.364 1.364 
0.264 1.411 1.411 
0.417 1.608 1.608 
0.851 1.893 1.893 
0.234 1.138 1.138 
0.950 1.072 1.072 
0.784 2.156 2.156 
0.601 2.198 2.198 
0.666 2.067 2.067 
0.399 2.210 2.210 
0.567 1.892 1.892 
0.967 2.200 2.200 
0.634 2.267 2.267 
0.618 2.308 2.308 
0.385 2.768 2.768 
0.601 3.030 3.030 
0.702 1.608 1.608 
0.752 1.390 1.390 
0.518 1.673 1.673 
0.499 1.335 1.335 
1.001 1.444 1.444 
0.233 2.221 2.221 
0.917 1.346 1.346 
0.935 1.793 1.793 
0.835 2.015 2.015 
0.284 2.385 2.385 
0.416 2.287 2.287 
0.467 1.436 1.436 
0.751 2.047 2.047 
0.316 1.325 1.325 
0.784 1.958 1.958 
0.285 1.564 1.564 
0.733 1.947 1.947 
0.601 1.707 1.707 
0.834 2.933 2.933 
0.767 2.057 2.057 
0.918 3.207 3.207 
0.918 2.933 2.933 
0.467 1.095 1.095 
0.767 1.368 1.368 
0.367 0.788 0.788 
0.233 1.258 1.258 
0.801 2.068 2.068 
0.602 2.200 2.200 
0.584 0.875 0.875 
0.934 2.418 2.418 
0.685 1.357 1.357 
0.702 1.269 1.269 
0.885 2.121 2.121 
0.851 3.010 3.010 
0.668 2.768 2.768 
0.351 2.331 2.331 
0.400 2.155 2.155 
0.918 1.555 1.555 
0.233 2.857 2.857 
0.601 1.345 1.345 
0.333 2.682 2.682 
0.984 1.828 1.828 
0.768 2.450 2.450 
0.600 1.870 1.870 
0.585 3.074 3.074 
0.250 2.211 2.211 
0.751 2.899 2.899 
0.232 2.560 2.560 
0.267 1.707 1.707 
0.617 2.824 2.824 
0.284 2.878 2.878 
0.851 0.820 0.820 
0.851 1.127 1.127 
0.784 3.010 3.010 
0.317 1.335 1.335 
0.734 2.549 2.549 
0.618 1.302 1.302 
0.984 0.930 0.930 
0.717 0.766 0.766 
0.850 1.520 1.520 
0.567 1.182 1.182 
0.551 1.761 1.761 
0.869 1.619 1.619 
0.267 3.578 3.578 
0.316 2.101 2.101 
0.349 0.908 0.908 
0.517 1.609 1.609 
0.868 1.981 1.981 
0.851 2.955 2.955 
0.251 2.375 2.375 
0.517 1.575 1.575 
0.618 0.853 0.853 
0.534 1.553 1.553 
0.734 2.713 2.713 
0.702 0.853 0.853 
0.435 2.279 2.279 
0.550 1.423 1.423 
0.217 0.766 0.766 
0.985 0.898 0.898 
0.335 0.866 0.866 
0.284 2.115 2.115 
0.501 2.517 2.517 
0.367 1.487 1.487 
0.600 1.290 1.290 
0.468 1.926 1.926 
0.967 3.316 3.316 
0.934 1.073 1.073 
0.250 0.887 0.887 
0.801 3.382 3.382 
0.417 1.881 1.881 
0.533 2.559 2.559 
0.633 1.248 1.248 
0.950 2.593 2.593 
0.534 1.914 1.914 
0.983 0.766 0.766 
0.450 3.916 3.916 
0.768 2.812 2.812 
0.734 2.111 2.111 
0.634 2.715 2.715 
0.768 1.511 1.511 
0.735 1.381 1.381 
0.350 1.488 1.488 
0.301 1.522 1.522 
1.001 1.839 1.839 
0.333 1.752 1.752 
0.234 2.155 2.155 
0.652 1.061 1.061 
0.900 1.729 1.729 
0.734 1.116 1.116 
0.350 2.463 2.463 
0.501 1.138 1.138 
0.567 1.948 1.948 
0.984 0.832 0.832 
0.334 1.248 1.248 
0.885 2.101 2.101 
0.717 2.067 2.067 
0.501 2.221 2.221 
0.350 0.690 0.690 
0.551 1.138 1.138 
0.583 1.696 1.696 
0.299 1.171 1.171 
0.667 1.631 1.631 
0.383 1.586 1.586 
0.516 2.134 2.134 
0.667 2.013 2.013 
0.401 1.500 1.500 
0.434 1.840 1.840 
0.701 1.543 1.543 
0.416 2.593 2.593 
0.868 1.116 1.116 
0.985 1.105 1.105 
0.785 1.127 1.127 
0.484 1.652 1.652 
0.667 2.910 2.910 
0.284 1.827 1.827 
0.934 1.489 1.489 
0.900 2.659 2.659 
0.851 4.004 4.371 
0.417 1.444 1.444 
0.683 1.117 1.117 
0.216 2.517 2.517 
0.550 1.422 1.422 
0.451 2.133 2.133 
0.335 1.959 1.959 
0.349 1.904 1.904 
0.535 0.569 0.569 
0.284 0.590 0.590 
0.683 2.035 2.035 
0.584 1.653 1.653 
0.768 2.560 2.560 
0.766 0.350 0.350 
0.717 1.632 1.632 
0.233 1.247 1.247 
0.251 1.423 1.423 
0.451 0.373 0.373 
0.634 0.744 0.744 
0.734 1.346 1.346 
0.534 2.505 2.505 
0.851 1.608 1.608 
0.784 1.763 1.763 
0.985 2.243 2.243 
0.633 1.106 1.106 
0.468 1.686 1.686 
0.283 2.232 2.232 
0.684 1.543 1.543 
0.819 1.346 1.346 
0.533 1.740 1.740 
0.283 1.981 1.981 
0.416 1.927 1.927 
0.334 2.465 2.465 
0.434 1.215 1.215 
0.551 1.238 1.238 
0.618 2.648 2.648 
0.568 1.291 1.291 
0.901 0.799 0.799 
0.618 0.678 0.678 
0.951 0.996 0.996 
0.717 0.875 0.875 
0.968 1.883 1.883 
0.400 1.839 1.839 
0.751 0.755 0.755 
0.434 1.270 1.270 
0.734 0.798 0.798 
0.767 0.755 0.755 
0.250 0.908 0.908 
0.400 0.788 0.788 
0.385 1.674 1.674 
0.735 0.558 0.558 
0.883 0.897 0.897 
0.484 0.722 0.722 
0.834 1.609 1.609 
0.751 1.805 1.805 
0.201 0.777 0.777 
0.685 0.932 0.932 
0.517 1.478 1.478 
0.934 1.259 1.259 
0.201 2.385 2.385 
0.567 1.838 1.838 
0.534 2.867 2.867 
0.567 2.211 2.211 
0.819 2.548 2.548 
0.466 1.738 1.738 
0.834 2.375 2.375 
0.584 0.810 0.810 
0.234 1.007 1.007 
0.350 0.646 0.646 
0.784 1.083 1.083 
0.585 1.116 1.116 
0.334 0.810 0.810 
0.484 1.018 1.018 
0.684 1.412 1.412 
0.351 1.226 1.226 
0.801 0.744 0.744 
0.400 1.554 1.554 
0.934 1.389 1.389 
0.418 1.084 1.084 
0.819 0.623 0.623 
0.350 0.974 0.974 
0.434 1.029 1.029 
0.283 1.762 1.762 
0.668 0.755 0.755 
0.752 1.378 1.378 
0.633 1.555 1.555 
0.551 1.992 1.992 
<><><><><><><><> 
Response (Std deviation):  2.16 
RT (mean):  1.71 
Consistency:  0.80 
<><><><><><><><> 
End: 06-Feb-2014 15:24:36 
