<><><><><><><><> 
Begin: 06-Feb-2014 14:45:32 
Matlab version  8.2.0.701 (R2013b) 
Psychtoolbox version  3.0.11 - Flavor: beta - Corresponds to SVN Revision 4331
For more info visit:
https 
Subjid: s10 Run Number: 2 
<><><><><><><><> 
Columns info in data file: 
1. display side (left 1/right 0) 2. # indvd  3. # gend  
4. response (1-m, 2-f) 5. acc 6. RT  
<><><><><><><><> 
Columns info in (this) info file: 
1. Stimulus start time (from trial start) 2. Stimulus off-time(from stimulus start time) 
3. RT or max response duration, if no response (from stimulus start time) 
 
1.002 0.291 0.993 
0.267 0.296 1.001 
0.417 0.295 0.432 
0.851 0.284 0.410 
0.234 0.285 0.673 
0.951 0.285 0.705 
0.784 0.295 0.595 
0.601 0.284 0.705 
0.667 0.295 0.728 
0.400 0.284 0.946 
0.567 0.295 0.750 
0.968 0.295 0.551 
0.633 0.306 0.679 
0.617 0.295 0.607 
0.384 0.296 0.508 
0.600 0.285 0.760 
0.701 0.296 0.540 
0.751 0.284 0.606 
0.518 0.295 0.837 
0.501 0.295 0.827 
1.000 0.284 0.541 
0.232 0.295 0.585 
0.918 0.284 0.836 
0.935 0.296 0.617 
0.835 0.295 1.001 
0.285 0.011 0.011 
0.417 0.285 0.990 
0.467 0.295 0.685 
0.751 0.295 0.399 
0.317 0.284 0.552 
0.784 0.295 0.628 
0.284 0.295 0.662 
0.733 0.284 0.727 
0.601 0.296 0.781 
0.833 0.285 0.497 
0.768 0.306 0.471 
0.933 0.285 0.793 
0.918 0.295 0.498 
0.467 0.295 0.510 
0.768 0.284 0.595 
0.367 0.284 0.814 
0.234 0.284 0.814 
0.801 0.296 0.706 
0.600 0.295 0.476 
0.584 0.296 0.783 
0.934 0.284 0.464 
0.684 0.296 0.640 
0.701 0.296 0.486 
0.884 0.306 0.438 
0.850 0.296 0.651 
0.667 0.296 0.488 
0.351 0.295 0.825 
0.400 0.284 0.694 
0.918 0.285 0.672 
0.234 0.284 0.990 
0.601 0.285 0.738 
0.334 0.295 0.508 
0.984 0.295 0.388 
0.768 0.295 0.322 
0.601 0.295 1.001 
0.584 0.285 0.979 
0.250 0.295 0.728 
0.751 0.295 0.488 
0.233 0.296 0.837 
0.266 0.285 0.825 
0.617 0.295 0.704 
0.283 0.295 0.837 
0.850 0.307 0.492 
0.851 0.295 0.540 
0.785 0.295 0.606 
0.317 0.295 0.497 
0.735 0.295 0.463 
0.618 0.295 0.815 
0.985 0.285 0.454 
0.718 0.296 0.507 
0.850 0.284 0.595 
0.567 0.296 0.541 
0.550 0.295 0.651 
0.868 0.285 0.508 
0.268 0.295 0.618 
0.317 0.284 0.739 
0.334 0.306 0.765 
0.518 0.296 0.706 
0.868 0.295 0.507 
0.851 0.284 0.660 
0.250 0.294 0.486 
0.516 0.295 0.639 
0.617 0.306 0.515 
0.534 0.295 0.640 
0.734 0.284 0.672 
0.700 0.295 0.913 
0.434 0.295 0.551 
0.552 0.296 0.584 
0.218 0.295 0.573 
0.984 0.296 0.607 
0.335 0.296 0.682 
0.284 0.295 0.585 
0.499 0.295 0.575 
0.366 0.284 0.595 
0.600 0.285 0.826 
0.467 0.306 0.416 
0.968 0.295 0.650 
0.935 0.295 0.431 
0.250 0.284 0.716 
0.801 0.284 0.935 
0.417 0.295 0.498 
0.534 0.306 0.689 
0.635 0.306 0.765 
0.951 0.295 0.771 
0.534 0.295 0.639 
0.984 0.296 0.716 
0.451 0.284 0.990 
0.766 0.295 0.989 
0.734 0.295 0.650 
0.634 0.295 0.476 
0.767 0.285 0.585 
0.735 0.295 0.507 
0.350 0.284 0.618 
0.300 0.295 0.706 
1.002 0.296 0.781 
0.334 0.296 0.595 
0.234 0.285 0.705 
0.651 0.296 0.672 
0.901 0.306 0.700 
0.735 0.295 0.661 
0.350 0.296 0.529 
0.501 0.296 0.541 
0.567 0.295 1.001 
0.984 0.295 0.509 
0.333 0.284 0.695 
0.885 0.295 0.661 
0.717 0.295 0.563 
0.500 0.296 0.871 
0.351 0.296 0.376 
0.550 0.285 0.508 
0.583 0.295 0.432 
0.301 0.296 0.463 
0.668 0.296 0.475 
0.384 0.295 0.530 
0.517 0.285 0.990 
0.668 0.295 0.728 
0.401 0.296 0.989 
0.433 0.296 1.002 
0.701 0.011 0.011 
0.417 0.296 0.683 
0.868 0.285 0.563 
0.983 0.295 0.706 
0.785 0.295 0.431 
0.484 0.285 0.607 
0.667 0.296 0.574 
0.283 0.295 0.377 
0.934 0.285 0.640 
0.901 0.295 0.672 
0.851 0.295 0.716 
0.417 0.284 0.607 
0.683 0.285 0.541 
0.217 0.296 0.529 
0.550 0.285 0.497 
0.451 0.295 0.431 
0.334 0.296 0.991 
0.350 0.285 0.640 
0.533 0.306 0.634 
0.284 0.284 0.738 
0.683 0.295 0.553 
0.583 0.296 0.619 
0.751 0.306 0.711 
0.767 0.285 0.628 
0.717 0.296 0.596 
0.233 0.296 0.749 
0.250 0.307 1.006 
0.450 0.307 0.449 
0.634 0.284 0.552 
0.734 0.284 0.410 
0.534 0.285 0.508 
0.851 0.306 0.602 
0.783 0.284 0.475 
0.983 0.284 0.475 
0.633 0.284 0.749 
0.468 0.284 0.421 
0.285 0.296 0.695 
0.684 0.306 0.470 
0.833 0.284 0.465 
0.535 0.306 0.480 
0.283 0.285 0.377 
0.418 0.296 0.640 
0.318 0.307 0.559 
0.434 0.285 0.640 
0.551 0.296 0.825 
0.617 0.307 0.427 
0.567 0.295 0.792 
0.902 0.296 0.498 
0.618 0.296 0.475 
0.951 0.295 0.486 
0.718 0.284 0.387 
0.969 0.292 0.571 
0.400 0.291 0.990 
0.750 0.291 0.623 
0.434 0.291 0.633 
0.735 0.296 0.519 
0.751 0.306 0.591 
0.250 0.306 0.657 
0.400 0.295 0.510 
0.385 0.296 0.770 
0.733 0.296 0.563 
0.883 0.284 0.760 
0.484 0.284 0.760 
0.834 0.284 0.497 
0.750 0.284 0.672 
0.201 0.306 0.634 
0.685 0.296 0.540 
0.517 0.284 0.519 
0.933 0.295 0.902 
0.200 0.295 0.913 
0.567 0.295 0.739 
0.534 0.306 0.973 
0.567 0.295 0.685 
0.817 0.295 0.542 
0.466 0.285 0.990 
0.833 0.296 0.608 
0.584 0.295 0.738 
0.232 0.295 0.498 
0.350 0.284 0.596 
0.785 0.284 0.584 
0.584 0.295 0.498 
0.317 0.306 0.722 
0.484 0.284 0.607 
0.684 0.295 0.650 
0.351 0.296 0.650 
0.801 0.284 0.859 
0.400 0.296 0.759 
0.934 0.296 0.585 
0.417 0.295 0.585 
0.819 0.296 0.990 
0.350 0.011 0.011 
0.435 0.296 0.988 
0.283 0.284 0.650 
0.667 0.296 0.728 
0.751 0.295 0.509 
0.634 0.296 0.497 
0.551 0.285 0.784 
<><><><><><><><> 
Overall acc:  0.89    Male acc:  0.90    Fem acc:  0.88 
RT (mean):  0.61 
Consist:  0.70 
<><><><><><><><> 
End: 06-Feb-2014 14:50:32 
