10,52,1,2.5694
34,22,1,1.0727
54,10,1,0.75489
43,36,2,1.5318
10,39,1,0.65624
24,50,2,0.74328
5,36,1,1.1925
10,44,2,0.98433
36,55,2,0.95208
58,7,2,1.3767
44,6,1,1.3884
50,13,1,0.82074
38,58,1,0.7446
43,37,2,0.28448
47,30,1,0.12034
18,57,2,0.010981
7,8,1,0.92962
15,21,2,0.84224
19,55,2,0.64481
4,47,1,0.95114
56,26,1,0.59052
16,60,2,0.52506
33,35,1,1.0062
56,41,1,1.017
3,25,1,1.4105
53,7,2,0.97289
28,6,1,1.3129
24,26,2,2.166
42,14,2,1.2354
43,47,2,0.85386
46,49,1,1.1709
19,15,2,0.8746
37,59,2,0.92956
19,34,1,0.72228
40,47,2,0.79869
30,11,1,1.0389
60,50,2,0.8742
56,58,1,1.7282
27,19,2,1.0501
32,34,2,1.0067
4,59,2,1.3457
45,36,1,0.886
24,37,1,1.2796
56,15,1,1.0066
57,55,2,0.99541
8,33,2,1.7601
42,29,1,1.1925
25,26,2,1.2686
27,29,1,1.1488
49,11,2,0.98523
39,31,1,0.60134
54,28,2,1.2027
13,43,1,1.4219
36,16,2,1.0074
48,33,2,1.3445
46,20,1,0.60063
23,14,2,0.90766
4,26,1,0.9619
15,17,1,1.356
5,13,1,1.3237
16,35,2,0.83124
52,12,1,0.93054
17,4,2,0.75475
15,18,1,0.94118
52,31,1,0.85303
48,9,1,0.77612
21,3,2,0.67803
23,44,2,1.0939
48,54,1,1.1923
6,5,2,0.77698
8,46,1,0.98433
48,38,2,0.93053
21,47,2,1.1924
20,55,2,1.1594
21,14,2,0.90779
40,51,1,0.71111
47,12,1,1.2901
24,17,2,1.8382
18,12,1,1.2689
6,53,2,0.80915
7,20,1,0.69984
52,57,2,0.79882
8,13,1,0.70011
26,16,1,1.3788
46,21,1,1.1043
10,47,2,0.75459
27,32,1,1.2359
57,2,1,0.98452
44,17,1,1.1922
52,13,2,0.98475
39,17,1,0.79897
2,11,1,0.86478
33,53,2,1.2037
12,13,2,1.2034
24,11,1,1.4337
21,20,2,1.0173
2,30,2,1.0935
48,26,1,1.3998
59,38,1,1.498
57,43,1,1.444
23,18,2,0.68951
57,54,2,0.99528
17,52,2,0.76545
58,42,1,0.63433
15,16,2,0.7875
29,38,2,1.149
45,49,1,0.80966
1,23,1,1.1154
49,22,1,1.3137
50,46,1,1.2256
30,26,2,0.63458
58,19,1,0.77668
5,49,1,1.2245
41,12,2,1.5086
56,42,1,0.82088
27,39,1,1.4117
54,20,2,0.50348
3,51,1,1.0283
31,8,2,0.60142
40,25,1,1.0617
19,35,2,0.61227
5,21,1,0.73332
9,4,1,1.4108
14,3,1,0.78838
23,17,2,1.1041
9,1,2,1.2042
59,35,1,1.0615
11,57,2,0.90872
38,16,1,1.4439
31,17,2,1.0502
15,35,1,1.0401
4,21,1,1.0835
20,43,1,1.0064
50,59,2,0.9623
18,33,1,0.97284
25,45,2,1.2576
18,44,2,0.87531
39,41,1,1.1159
11,18,2,0.78776
55,25,1,0.90782
9,10,2,1.1707
12,49,2,1.006
47,41,1,1.0072
54,36,1,1.2249
11,34,2,0.88605
38,1,2,0.68917
37,31,1,0.89793
2,47,2,0.65625
28,9,2,1.1054
44,32,1,1.2367
3,26,1,1.3782
10,20,2,1.1056
9,52,2,1.9258
43,23,2,1.0174
58,45,1,1.3895
32,55,2,0.65638
27,59,2,0.91885
58,35,2,1.324
33,23,1,0.88557
8,22,1,1.05
5,26,1,1.3889
42,30,2,1.7283
51,50,2,0.99521
46,36,2,1.2032
51,9,2,1.0725
40,42,1,2.6809
13,58,2,1.3677
6,48,2,1.6301
54,11,1,0.66724
29,41,1,0.89706
60,53,2,1.0834
12,38,2,0.87617
24,7,2,0.84289
12,21,2,1.3341
55,37,1,1.0176
20,11,1,0.79868
47,42,2,1.0066
51,54,1,0.68895
12,20,2,0.87555
49,16,2,1.1487
53,26,2,1.7069
2,37,1,1.1265
54,18,2,1.0611
57,33,1,0.72107
26,38,2,0.66729
17,49,1,1.6849
48,41,1,0.87436
39,26,1,1.553
55,10,1,1.0391
27,48,1,1.4223
39,36,2,1.0609
28,43,1,0.60134
4,19,1,1.0071
8,59,1,0.74394
33,46,1,1.1494
60,44,2,1.0179
28,19,2,1.2696
23,58,2,1.2588
29,37,2,2.1875
48,8,2,1.5871
3,17,1,1.3676
20,30,1,1.1817
6,35,2,1.1264
43,58,2,1.291
45,38,2,0.97402
58,47,1,0.98448
49,60,2,2.9104
35,12,1,0.72166
22,39,1,1.7845
15,42,2,0.91943
58,3,2,1.532
5,8,2,0.83059
50,55,2,0.97392
29,12,2,1.5096
39,55,2,0.87579
31,60,2,1.0057
13,56,2,0.94104
46,55,2,1.5096
20,57,1,0.99565
19,31,1,0.98441
47,59,1,1.0281
11,13,2,1.1163
7,19,1,0.99539
8,39,1,0.86461
50,49,1,1.4338
7,45,1,1.2915
5,11,1,1.105
57,39,1,0.80929
4,58,2,0.70076
53,38,1,1.6082
7,37,1,0.70069
51,6,2,1.1488
16,34,2,1.1162
37,10,2,1.0615
20,34,1,0.92965
51,13,1,0.85334
49,31,2,0.80953
6,29,1,0.60107
25,49,1,1.0394
59,22,1,1.5535
42,24,2,1.5972
49,51,1,1.1376
60,2,1,2.2632
48,36,1,1.0828
51,29,1,1.2255
40,45,2,0.76666
12,36,2,1.6627
47,37,1,0.89843
31,34,2,0.97349
50,48,1,1.1159
59,52,2,0.92951
54,31,1,0.72178
7,28,1,1.0827
45,16,1,0.75535
56,32,1,1.5423
39,33,2,1.2572
12,31,1,1.5537
54,16,1,0.7547
46,25,1,0.98518
3,41,1,0.78742
14,16,1,1.0398
9,3,2,1.4784
37,41,1,1.2139
33,11,1,0.77598
34,48,2,1.0287
28,20,1,2.5713
54,35,1,1.1161
6,36,2,1.2585
32,25,2,1.2577
2,42,2,0.7326
31,20,1,1.5642
6,1,2,0.97357
47,18,2,0.91901
23,26,1,0.71155
57,47,1,0.64527
53,19,1,1.0396
55,38,1,1.0938
12,33,2,1.3784
25,57,2,1.4552
2,55,2,1.039
9,37,1,0.75469
36,35,2,1.0946
29,30,2,1.5965
37,17,1,0.6563
50,20,1,0.70021
52,29,1,1.1593
6,54,2,0.86461
51,25,2,0.68882
28,5,1,0.60125
39,32,1,1.1383
6,12,2,1.1926
54,47,2,0.91915
23,28,2,1.0393
34,2,2,2.3516
4,50,1,1.0171
