31,13,2,3.6518
15,10,NaN,NaN
54,12,1,1.1277
27,1,1,1.5986
45,55,2,2.2231
13,60,1,1.0513
23,33,2,1.1282
40,50,1,2.3642
3,34,1,1.5215
4,45,1,1.1828
30,40,1,0.97385
25,17,1,3.6036
13,37,1,1.0626
53,29,1,1.0183
3,20,2,3.9988
26,28,2,1.2484
46,2,1,1.829
11,26,2,1.0409
1,36,2,1.4128
24,6,2,1.5883
5,37,2,1.6538
9,41,1,1.9054
51,59,1,2.1993
28,39,2,1.2916
11,47,2,1.7745
23,30,2,1.8304
3,41,1,1.26
44,25,1,1.1501
27,29,1,1.0619
17,40,2,1.555
4,57,1,1.2372
46,37,1,2.5516
36,43,1,2.988
49,28,1,1.3247
2,35,2,2.1471
5,15,2,1.7185
59,19,1,1.8391
45,56,2,3.8642
48,19,1,1.0187
31,25,1,1.4232
12,30,2,0.98604
24,59,2,1.9702
14,26,1,1.4783
47,23,1,3.0873
14,13,2,1.0961
10,49,1,2.5513
54,60,1,1.5554
46,43,2,2.6166
5,23,2,1.851
24,21,2,1.5001
48,35,1,1.8946
9,43,2,1.5109
31,18,1,1.2488
58,12,1,1.3898
41,50,2,1.204
29,56,2,0.95313
46,55,1,2.4851
36,26,1,1.1389
4,35,1,1.0729
12,1,2,1.0184
37,29,1,0.99609
55,17,1,0.93068
38,50,2,1.8832
15,39,2,1.2813
37,59,1,1.895
18,15,1,1.4785
20,30,2,3.1996
34,43,2,1.2375
47,28,1,1.3136
46,7,2,3.7675
13,23,1,1.2151
6,55,2,1.3588
30,11,1,1.0948
6,21,2,2.2339
20,44,1,1.6428
39,17,1,1.4236
33,37,1,2.0149
53,50,2,3.1316
29,7,2,1.1273
23,16,2,2.6282
32,11,1,1.2483
53,55,2,1.4999
30,24,1,1.1716
5,41,2,2.3136
12,59,2,1.9812
5,6,NaN,NaN
50,26,1,2.0144
28,40,2,1.0617
49,32,2,2.9008
16,59,2,2.0261
18,22,1,3.8881
35,55,2,1.5109
48,53,1,1.2267
54,25,1,1.3692
41,34,2,3.23
50,8,2,2.2674
56,14,1,1.3026
19,15,1,1.8841
27,57,2,1.5005
24,18,2,2.7916
45,6,1,1.4994
47,48,2,1.4128
15,8,2,1.4667
45,60,1,1.0402
23,25,1,2.6388
35,14,1,2.6923
33,57,2,2.397
15,28,1,1.9284
23,42,2,1.7853
6,11,1,1.5663
7,50,2,1.5442
6,34,1,1.3033
59,31,1,1.3365
48,50,1,1.1175
42,47,2,1.5327
5,51,2,1.7852
10,42,1,1.1818
47,4,2,1.3582
34,56,2,1.3248
41,52,2,1.1929
21,23,1,2.9675
39,33,1,1.4451
14,42,1,2.846
34,17,2,2.1244
9,30,2,1.5004
14,58,2,1.8057
17,47,2,2.1562
41,21,2,1.2807
8,37,1,4.7869
45,23,1,2.1245
21,29,1,1.2811
31,26,1,1.5323
9,12,1,2.7618
20,43,2,2.2765
17,59,2,1.0626
2,30,2,3.2416
19,46,1,1.0403
4,14,1,3.4142
31,44,1,0.9856
1,8,2,1.1382
42,9,2,2.0693
18,40,2,1.829
5,58,2,1.2375
23,59,2,1.2047
42,33,2,1.2703
34,38,2,1.3025
17,28,1,2.2881
53,27,1,2.9027
44,4,2,1.4462
27,2,2,3.2857
50,34,1,1.3582
5,18,2,1.1273
43,33,2,1.3907
13,16,1,1.1931
54,42,1,1.182
21,52,1,1.5538
38,56,2,1.2816
55,36,2,1.6209
15,31,2,1.281
46,50,1,1.9712
35,54,2,1.949
6,2,2,3.2954
54,3,1,2.0913
52,11,1,1.3368
5,59,2,1.8077
21,44,1,1.62
51,32,1,2.3485
22,6,1,3.0198
35,13,2,1.3675
57,31,2,3.887
60,10,2,1.8941
30,46,1,1.3241
32,31,2,1.9599
40,20,1,1.2817
48,45,1,1.6755
19,49,1,1.4021
33,21,2,3.635
27,13,2,1.3691
29,30,2,1.8076
59,35,2,2.1573
25,8,2,1.7961
58,59,1,1.2045
19,5,1,3.1653
59,30,2,1.346
12,13,2,1.5669
38,51,1,2.9231
56,31,2,1.0298
59,27,1,1.7202
17,4,2,0.93078
20,56,2,1.4569
35,47,1,2.0489
18,13,2,1.1183
12,25,1,3.6055
47,57,2,2.0821
46,12,1,1.1165
18,51,2,1.2704
41,1,2,3.691
58,11,1,1.9605
22,44,2,2.7044
2,8,2,1.3242
28,22,2,1.982
52,54,2,1.7525
55,33,2,3.0574
4,39,2,1.7631
40,60,1,1.6101
18,39,2,1.9062
57,1,1,2.8819
56,3,1,1.5993
35,53,1,2.9477
41,48,2,1.0194
46,1,1,3.1416
18,53,2,2.5186
28,55,2,1.5223
54,6,1,2.4322
50,18,1,3.636
39,52,1,1.4222
8,13,2,1.4018
41,15,2,2.3976
22,16,1,2.8921
51,26,1,1.555
40,32,1,3.1758
23,19,2,1.2481
53,6,2,2.016
50,52,1,1.9047
42,53,2,3.8332
50,58,2,3.9192
30,51,1,1.1823
13,24,1,1.019
45,40,1,3.1972
47,30,2,1.7741
11,17,2,2.8676
15,26,1,4.1246
25,10,2,1.6865
2,57,2,1.3244
51,21,2,2.4096
54,46,1,1.4226
58,38,2,3.3543
47,55,2,3.109
8,22,1,1.2598
15,51,2,1.1828
37,18,1,2.1787
46,16,1,2.267
26,2,2,2.8353
15,27,2,4.1804
44,37,1,2.2554
45,33,2,1.5864
49,23,2,2.7068
5,11,1,1.7627
38,46,1,3.188
32,27,2,2.246
1,17,1,2.9012
26,5,2,3.9308
4,40,1,1.139
8,57,2,1.6416
27,4,2,1.5001
51,45,2,3.9082
7,41,1,1.4003
58,45,2,3.2511
15,32,2,3.9637
56,17,1,1.2375
3,29,1,1.2261
16,35,2,2.7699
21,9,1,1.9047
1,40,2,2.6595
19,9,1,1.8734
4,18,1,2.3979
52,44,2,3.437
22,5,1,1.7851
26,6,2,2.1889
3,52,2,3.6487
31,37,1,2.6282
32,55,2,1.5227
28,16,2,1.8841
37,41,1,1.6416
22,23,1,3.7005
58,54,2,1.4671
18,33,2,1.435
22,20,2,3.7122
45,19,2,1.3027
38,36,1,3.1446
28,32,2,3.2174
17,51,2,1.4903
56,15,1,2.8359
25,22,2,1.5442
10,57,2,1.6437
45,18,1,1.1181
22,38,2,2.7612
26,10,2,1.7081
27,50,2,3.5703
19,1,1,0.85445
56,46,1,2.2348
23,34,1,4.1575
16,52,1,1.4895
19,60,1,1.0413
29,12,2,1.1278
