<><><><><><><><> 
Begin: 12-Dec-2013 18:47:05 
Matlab version  8.2.0.701 (R2013b) 
Psychtoolbox version  3.0.11 - Flavor: beta - Corresponds to SVN Revision 4331
For more info visit:
https 
Subjid: s01 Run Number: 1 
<><><><><><><><> 
Columns info in data file: 
1. display side (left 1/right 0) 2. # indvd  3. # gend  
4. response (1-m, 2-f) 5. acc 6. RT  
<><><><><><><><> 
Columns info in (this) info file: 
1. Stimulus start time (from trial start) 2. Stimulus off-time(from stimulus start time) 
3. RT or max response duration, if no response (from stimulus start time) 
 
1.007 0.292 0.672 
0.266 0.302 0.606 
0.417 0.289 0.445 
0.851 0.290 0.490 
0.234 0.290 0.411 
0.951 0.290 0.479 
0.784 0.299 0.427 
0.600 0.267 0.267 
0.666 0.290 0.491 
0.400 0.290 0.467 
0.567 0.301 0.417 
0.969 0.301 0.472 
0.634 0.267 0.267 
0.617 0.278 0.278 
0.384 0.301 0.362 
0.601 0.290 0.991 
0.700 0.301 0.473 
0.750 0.290 0.378 
0.516 0.301 0.350 
0.501 0.290 0.445 
1.001 0.279 0.279 
0.235 0.289 0.433 
0.918 0.290 0.935 
0.935 0.290 0.378 
0.834 0.255 0.255 
0.283 0.290 0.535 
0.417 0.290 0.367 
0.468 0.301 0.516 
0.751 0.290 0.489 
0.317 0.290 0.344 
0.784 0.290 0.346 
0.284 0.301 0.416 
0.718 0.301 0.372 
0.600 0.267 0.267 
0.834 0.290 0.412 
0.767 0.277 0.277 
0.918 0.301 0.439 
0.917 0.290 0.489 
0.466 0.301 0.484 
0.767 0.267 0.267 
0.366 0.290 0.412 
0.233 0.290 0.323 
0.801 0.267 0.267 
0.601 0.301 0.328 
0.584 0.301 0.438 
0.934 0.290 0.491 
0.684 0.301 0.506 
0.702 0.290 0.456 
0.883 0.301 0.439 
0.851 0.289 0.312 
0.667 0.290 0.433 
0.350 0.290 0.645 
0.400 0.290 0.468 
0.918 0.290 0.612 
0.217 0.301 0.361 
0.601 0.290 0.569 
0.335 0.301 0.562 
0.985 0.300 0.438 
0.766 0.301 0.395 
0.602 0.301 0.661 
0.585 0.290 0.612 
0.250 0.289 0.723 
0.751 0.288 0.544 
0.233 0.301 0.528 
0.267 0.290 0.390 
0.617 0.301 0.339 
0.284 0.289 0.467 
0.851 0.300 0.300 
0.851 0.278 0.278 
0.783 0.290 0.323 
0.317 0.301 0.550 
0.734 0.290 0.312 
0.618 0.290 0.679 
0.984 0.290 0.379 
0.716 0.301 0.473 
0.835 0.300 0.300 
0.567 0.290 0.457 
0.550 0.290 0.446 
0.867 0.290 0.478 
0.267 0.301 0.495 
0.317 0.290 0.478 
0.334 0.301 0.417 
0.518 0.290 0.310 
0.869 0.290 0.489 
0.850 0.290 0.390 
0.250 0.301 0.484 
0.517 0.301 0.640 
0.617 0.301 0.450 
0.535 0.301 0.371 
0.734 0.290 0.646 
0.701 0.301 0.471 
0.434 0.299 0.506 
0.550 0.289 0.422 
0.218 0.289 0.434 
0.984 0.301 0.473 
0.334 0.300 0.327 
0.285 0.300 0.494 
0.502 0.289 0.445 
0.367 0.290 0.678 
0.601 0.290 0.468 
0.467 0.301 0.361 
0.968 0.289 0.467 
0.935 0.301 0.416 
0.250 0.290 0.445 
0.784 0.301 0.384 
0.418 0.300 0.517 
0.535 0.301 0.673 
0.634 0.301 0.427 
0.950 0.301 0.406 
0.534 0.301 0.339 
0.985 0.300 0.338 
0.449 0.290 0.490 
0.768 0.290 0.656 
0.734 0.301 0.417 
0.635 0.290 0.433 
0.767 0.290 0.635 
0.734 0.301 0.461 
0.350 0.290 0.590 
0.300 0.301 0.707 
1.000 0.300 0.605 
0.335 0.300 0.661 
0.234 0.290 0.870 
0.651 0.301 0.584 
0.902 0.301 0.617 
0.735 0.301 0.416 
0.351 0.301 0.817 
0.501 0.290 0.992 
0.567 0.301 0.617 
0.985 0.301 0.428 
0.333 0.290 0.790 
0.885 0.300 0.594 
0.718 0.300 0.640 
0.501 0.301 0.572 
0.349 0.301 0.818 
0.551 0.290 0.646 
0.583 0.301 0.651 
0.300 0.290 0.701 
0.667 0.301 0.818 
0.384 0.289 0.500 
0.517 0.290 0.624 
0.667 0.301 0.707 
0.400 0.301 0.517 
0.435 0.290 0.644 
0.702 0.288 0.456 
0.417 0.290 0.835 
0.868 0.290 0.635 
0.985 0.301 0.951 
0.785 0.300 0.728 
0.484 0.290 0.668 
0.667 0.301 0.707 
0.285 0.301 0.685 
0.934 0.290 0.656 
0.901 0.301 0.850 
0.852 0.301 0.482 
0.417 0.290 0.513 
0.684 0.289 0.602 
0.216 0.301 0.996 
0.551 0.290 0.669 
0.450 0.301 0.740 
0.334 0.289 0.611 
0.350 0.290 0.991 
0.534 0.301 0.996 
0.283 0.290 0.835 
0.685 0.289 0.991 
0.584 0.011 0.011 
0.766 0.290 0.991 
0.767 0.290 0.824 
0.716 0.290 0.479 
0.232 0.290 0.724 
0.251 0.301 0.729 
0.450 0.301 0.819 
0.634 0.289 0.713 
0.733 0.289 0.690 
0.534 0.290 0.501 
0.851 0.301 0.673 
0.784 0.290 0.701 
0.984 0.290 0.635 
0.634 0.290 0.635 
0.467 0.289 0.590 
0.283 0.300 0.629 
0.683 0.301 0.606 
0.818 0.301 0.528 
0.533 0.301 0.483 
0.267 0.301 0.874 
0.417 0.290 0.947 
0.333 0.290 0.747 
0.433 0.290 0.814 
0.550 0.301 0.807 
0.617 0.301 0.662 
0.567 0.301 0.784 
0.902 0.300 0.550 
0.617 0.290 0.991 
0.952 0.300 0.461 
0.717 0.289 0.635 
0.967 0.301 0.662 
0.399 0.290 0.745 
0.750 0.290 0.679 
0.435 0.289 0.679 
0.734 0.301 0.806 
0.767 0.290 0.813 
0.249 0.301 0.762 
0.400 0.301 0.674 
0.383 0.290 0.701 
0.735 0.301 0.427 
0.883 0.290 0.924 
0.483 0.290 0.645 
0.833 0.290 0.368 
0.751 0.290 0.490 
0.201 0.301 0.874 
0.685 0.290 0.778 
0.517 0.290 0.701 
0.934 0.300 0.517 
0.201 0.301 0.739 
0.568 0.301 0.729 
0.550 0.290 0.668 
0.567 0.301 0.562 
0.818 0.301 0.484 
0.467 0.289 0.679 
0.834 0.290 0.590 
0.584 0.290 0.457 
0.234 0.290 0.556 
0.350 0.290 0.490 
0.785 0.289 0.433 
0.584 0.289 0.468 
0.334 0.289 0.713 
0.483 0.289 0.635 
0.684 0.301 0.572 
0.350 0.300 0.550 
0.801 0.290 0.780 
0.400 0.289 0.622 
0.934 0.301 0.796 
0.418 0.290 0.623 
0.818 0.290 0.656 
0.349 0.301 0.551 
0.435 0.290 0.579 
0.267 0.301 1.007 
0.668 0.289 0.700 
0.751 0.290 0.959 
0.633 0.301 0.517 
0.551 0.290 0.779 
<><><><><><><><> 
Overall acc:  0.75    Male acc:  0.84    Fem acc:  0.67 
RT (mean):  0.55 
Consist:  0.19 
<><><><><><><><> 
End: 12-Dec-2013 18:51:49 
