86,115,1,1.602
67,66,1,1.0289
93,99,1,1.0505
97,90,1,1.0288
76,71,1,1.1165
62,97,1,1.259
113,67,2,0.88597
75,118,1,0.89772
100,96,1,0.93099
70,74,1,1.0725
100,73,2,0.76725
82,98,1,0.9747
115,112,1,0.91965
99,114,2,0.80991
110,96,1,0.97364
77,80,1,0.77758
97,102,2,0.85363
110,78,2,0.69017
103,73,2,0.77667
117,101,1,0.77736
84,112,2,1.0288
81,119,1,0.72186
84,97,1,1.2482
63,65,1,1.8716
89,95,2,1.3354
91,104,2,0.77715
66,111,1,0.70069
101,100,2,0.67957
89,97,2,0.81159
117,108,1,0.7655
116,92,2,1.8725
112,108,1,2.573
101,87,1,1.9057
62,99,1,1.0613
120,92,2,0.93027
81,117,1,0.82133
98,97,2,0.80955
96,112,1,0.66824
97,74,2,1.5769
66,86,1,0.7122
113,119,2,0.99599
65,76,1,2.1019
103,87,1,1.1931
99,95,2,1.3684
70,111,1,0.86452
103,101,2,1.1054
66,85,1,1.1818
78,118,2,1.4343
61,108,1,0.72289
74,73,2,0.96315
78,95,1,0.84241
111,91,1,1.1387
95,73,2,1.1061
70,68,1,0.5907
101,105,1,0.83136
115,63,2,0.97425
72,109,1,0.87608
90,106,2,0.76617
102,83,1,0.83182
116,111,1,1.018
74,102,2,0.90884
109,92,1,0.94177
83,94,1,0.83178
69,78,2,0.71211
106,115,1,0.70029
85,74,2,0.77752
98,92,1,1.555
117,112,1,0.85454
69,100,2,0.73309
74,62,2,1.2266
85,75,2,1.2372
62,115,2,2.3103
96,73,2,2.0373
119,89,2,2.3097
110,79,2,0.77726
118,61,2,0.8205
106,102,2,0.91985
63,75,2,0.93062
77,94,1,1.0965
89,76,2,0.7342
81,69,1,0.66755
112,110,1,1.3909
72,70,1,1.7074
96,81,2,1.3472
99,97,2,0.98559
104,77,1,0.82095
111,109,2,0.85429
68,69,1,0.83156
66,116,1,0.83145
77,88,2,0.90933
87,72,2,0.76611
99,105,1,1.6965
114,112,1,1.3898
104,119,1,0.766
72,110,1,0.7876
105,63,2,0.98562
102,103,1,1.007
117,99,1,1.4659
88,98,1,0.94159
111,61,2,1.3794
91,115,1,0.9414
104,89,1,1.073
85,80,2,0.90817
95,91,2,1.0075
119,93,1,1.0184
80,64,2,0.83172
91,68,2,0.93086
89,81,2,1.7519
119,97,1,1.4234
77,78,1,0.97479
86,84,2,0.9187
68,82,1,0.6456
102,116,1,0.92048
85,117,1,0.97469
71,81,2,0.96409
62,80,1,1.2699
100,76,2,0.96403
115,102,1,0.95244
82,69,1,0.91936
85,88,2,0.94111
89,82,1,2.6494
119,117,1,1.6862
85,68,2,1.4342
75,78,1,0.64525
96,107,2,0.99687
66,74,2,1.8511
81,84,2,1.2585
79,102,2,1.0288
96,104,2,0.82129
98,62,2,0.87488
90,73,2,0.78771
99,85,2,1.2482
77,70,2,1.0941
89,78,2,1.2594
82,77,2,1.6309
84,61,2,1.4121
110,69,1,1.1821
94,84,1,1.2154
63,91,1,0.9193
67,78,1,0.9417
94,95,1,0.89751
107,113,1,0.81027
114,96,1,3.2408
83,65,2,1.3903
77,93,1,1.1167
102,92,1,1.3901
119,72,2,1.0178
110,103,2,1.2585
81,113,1,1.4679
106,120,1,0.74516
61,76,1,1.8834
87,77,2,0.98487
112,120,1,1.5218
81,80,1,1.762
99,102,1,1.0947
80,87,2,1.467
78,85,1,0.86505
117,67,1,1.2375
99,98,2,0.66822
105,106,2,0.66745
71,74,1,1.1275
87,89,1,1.1166
102,84,1,0.8213
68,99,1,0.83188
66,91,1,0.89713
65,107,1,0.76617
70,80,1,0.75571
91,75,2,1.1823
62,86,1,0.74429
82,88,2,0.76597
112,80,1,0.97465
64,98,1,0.70003
111,63,2,1.0723
95,70,2,0.76615
106,114,1,0.88787
69,83,2,0.71218
111,101,1,1.1484
76,93,1,0.69044
90,118,2,0.76656
93,105,1,0.79833
87,92,2,1.0393
72,91,1,0.71172
84,75,2,0.83227
104,92,1,0.75511
110,91,2,1.4878
90,107,2,0.73319
117,63,2,0.74462
68,107,2,0.93054
71,112,1,0.97492
75,61,2,1.0295
115,92,2,1.1592
91,113,1,0.91896
107,115,1,0.72277
81,73,2,1.051
61,85,1,0.77696
91,99,1,1.1823
73,72,1,0.72224
108,106,2,1.007
110,75,2,0.83195
73,117,1,0.76557
75,112,1,0.81053
71,73,2,1.0501
89,94,2,0.89794
85,112,1,0.9306
103,95,1,1.3139
118,83,1,1.3678
97,70,2,0.71158
116,84,1,0.95163
64,83,1,0.70125
97,73,2,0.77745
116,109,2,1.5768
119,94,1,1.8169
65,106,1,1.0829
69,102,2,0.70111
92,67,1,1.6196
78,83,2,1.5544
87,69,1,1.468
64,70,2,0.87637
111,62,2,0.87762
109,77,2,1.205
117,104,2,0.79861
88,90,1,1.0398
83,110,1,0.76656
88,84,1,0.72267
78,113,1,0.93016
84,115,2,0.93095
105,111,2,0.72211
78,106,2,1.1501
79,119,2,1.3568
100,120,2,1.446
104,73,1,0.98559
76,116,1,0.97385
106,101,1,1.1935
119,118,2,1.6413
65,70,1,1.0174
101,94,1,1.226
71,102,2,0.90891
103,108,1,1.1058
92,80,1,1.4889
114,100,1,1.3687
106,62,2,2.1999
89,107,2,1.7847
115,99,1,1.0181
64,67,1,0.87557
85,98,1,1.2485
73,118,1,0.8543
95,113,1,1.0066
99,63,2,0.71196
64,82,1,0.75533
115,105,1,1.0073
95,107,2,0.78817
117,69,1,1.5003
68,110,1,1.2154
95,101,2,0.80964
110,90,1,0.98549
62,95,1,0.92001
75,108,1,0.67896
82,96,2,1.8822
98,112,1,0.86553
95,68,2,0.75443
62,114,1,0.8106
90,117,2,1.0059
88,103,1,0.83145
93,118,2,1.0947
114,81,2,1.4774
84,105,1,0.94206
112,118,2,0.92996
103,117,2,1.2151
107,74,1,0.75548
75,66,1,1.4128
76,73,1,4.864
108,70,2,1.3999
69,107,2,0.89816
80,104,2,1.0288
107,91,1,0.98508
76,77,1,1.3241
93,96,1,2.2336
86,61,2,0.91874
114,79,2,1.1711
105,82,2,1.729
100,74,2,1.0072
62,83,1,0.86481
74,78,2,1.8275
95,90,1,1.5666
98,111,1,1.6416
102,72,1,0.94151
107,100,1,0.75602
93,84,1,1.2371
110,108,1,0.95185
74,64,2,1.0731
68,109,1,0.75491
97,105,1,0.98501
85,92,2,1.3904
68,93,1,0.80989
103,96,1,1.1058
