<><><><><><><><> 
Begin: 11-Nov-2014 12:03:32 
Matlab version  8.2.0.701 (R2013b) 
Psychtoolbox version  3.0.11 
Subjid: s52 Run Number: 5 
<><><><><><><><> 
Columns info in data file: 
1. left indvd 2. # right indvd  
3. response (left - 1 :: right - 2) 4. RT  
<><><><><><><><> 
Columns info in (this) info file: 
1. Stimulus start time (from trial start) 2. Stimulus off-time(from stimulus start time) 
3. RT or max response duration, if no response (from stimulus start time) 
 
1.001 1.156 1.156 
0.534 1.574 1.574 
0.567 1.183 1.183 
0.251 1.194 1.194 
0.568 1.281 1.281 
0.450 0.984 0.984 
0.234 1.389 1.389 
0.317 1.718 1.718 
0.418 1.171 1.171 
0.584 1.937 1.937 
0.584 3.151 3.151 
0.266 1.586 1.586 
0.584 2.331 2.331 
0.583 1.466 1.466 
0.400 1.182 1.182 
0.517 1.280 1.280 
0.267 0.875 0.875 
0.367 0.974 0.974 
0.567 2.387 2.387 
0.518 0.886 0.886 
0.584 1.422 1.422 
0.468 1.193 1.193 
0.217 1.105 1.105 
0.550 1.729 1.729 
0.584 1.848 1.848 
0.467 1.182 1.182 
0.501 1.347 1.347 
0.500 0.910 0.910 
0.367 1.685 1.685 
0.468 2.112 2.112 
0.267 0.734 0.734 
0.484 2.211 2.211 
0.217 0.941 0.941 
0.318 2.451 2.451 
0.217 1.488 1.488 
0.234 1.138 1.138 
0.533 1.073 1.073 
0.484 1.083 1.083 
0.334 1.290 1.290 
0.583 1.685 1.685 
0.216 1.148 1.148 
0.384 1.193 1.193 
0.351 1.335 1.335 
0.501 1.750 1.750 
0.518 1.127 1.127 
0.284 1.378 1.378 
0.400 2.396 2.396 
0.383 1.182 1.182 
0.466 2.297 2.297 
0.483 2.540 2.540 
0.501 1.368 1.368 
0.317 0.755 0.755 
0.483 1.225 1.225 
0.468 0.767 0.767 
0.267 1.062 1.062 
0.251 1.324 1.324 
0.400 1.411 1.411 
0.585 0.722 0.722 
0.334 1.412 1.412 
0.433 0.918 0.918 
0.285 1.400 1.400 
0.501 1.674 1.674 
0.300 1.597 1.597 
0.399 2.407 2.407 
0.484 3.698 3.698 
0.567 0.984 0.984 
0.593 1.127 1.127 
0.417 0.941 0.941 
0.266 0.778 0.778 
0.268 1.149 1.149 
0.300 1.926 1.926 
0.533 1.346 1.346 
0.300 1.686 1.686 
0.533 1.106 1.106 
0.300 1.390 1.390 
0.567 1.861 1.861 
0.350 0.930 0.930 
0.283 1.345 1.345 
0.301 1.083 1.083 
0.452 1.478 1.478 
0.400 0.897 0.897 
0.350 0.776 0.776 
0.534 1.160 1.160 
0.434 1.413 1.413 
0.417 1.291 1.291 
0.566 2.331 2.331 
0.316 1.028 1.028 
0.501 0.898 0.898 
0.501 1.511 1.511 
0.350 1.400 1.400 
0.434 0.964 0.964 
0.233 1.914 1.914 
0.233 1.893 1.893 
0.417 0.645 0.645 
0.517 1.708 1.708 
0.584 1.653 1.653 
0.251 0.777 0.777 
0.433 1.379 1.379 
0.383 2.781 2.781 
0.200 0.744 0.744 
0.333 0.789 0.789 
0.268 1.390 1.390 
0.518 1.620 1.620 
0.333 0.963 0.963 
0.418 1.411 1.411 
0.266 3.317 3.317 
0.450 1.597 1.597 
0.300 3.348 3.348 
0.468 1.105 1.105 
0.483 0.799 0.799 
0.501 1.237 1.237 
0.384 0.777 0.777 
0.233 1.423 1.423 
0.300 1.575 1.575 
0.567 0.700 0.700 
0.267 1.729 1.729 
0.533 1.270 1.270 
0.417 1.269 1.269 
0.601 0.777 0.777 
0.233 1.094 1.094 
0.384 0.985 0.985 
0.250 0.963 0.963 
0.584 0.788 0.788 
0.201 1.739 1.739 
0.517 1.378 1.378 
0.534 1.095 1.095 
0.550 1.345 1.345 
0.233 1.696 1.696 
0.367 1.948 1.948 
0.300 1.007 1.007 
0.516 1.127 1.127 
0.367 1.576 1.576 
0.567 1.434 1.434 
0.267 1.477 1.477 
0.317 0.875 0.875 
0.266 1.105 1.105 
0.250 1.390 1.390 
0.551 1.115 1.115 
0.434 0.843 0.843 
0.418 1.959 1.959 
0.266 1.194 1.194 
0.551 0.700 0.700 
0.451 1.531 1.531 
0.350 1.553 1.553 
0.401 1.205 1.205 
0.367 1.620 1.620 
0.234 0.799 0.799 
0.300 1.205 1.205 
0.250 1.685 1.685 
0.284 1.443 1.443 
0.300 0.932 0.932 
0.368 1.303 1.303 
0.217 2.483 2.483 
0.567 1.532 1.532 
0.584 1.510 1.510 
0.401 1.861 1.861 
0.400 0.875 0.875 
0.333 1.828 1.828 
0.567 1.400 1.400 
0.350 1.258 1.258 
0.250 1.883 1.883 
0.517 1.127 1.127 
0.351 1.127 1.127 
0.301 1.423 1.423 
0.368 1.061 1.061 
0.234 1.445 1.445 
0.250 0.843 0.843 
0.584 1.313 1.313 
0.584 0.689 0.689 
0.434 1.718 1.718 
0.233 1.325 1.325 
0.301 1.576 1.576 
0.350 1.095 1.095 
0.533 1.216 1.216 
0.216 1.478 1.478 
0.217 0.799 0.799 
0.267 1.062 1.062 
0.467 1.259 1.259 
0.500 1.269 1.269 
0.467 1.576 1.576 
0.384 0.876 0.876 
0.417 1.040 1.040 
0.316 0.744 0.744 
0.501 0.700 0.700 
0.283 2.058 2.058 
0.484 2.331 2.331 
0.284 1.029 1.029 
0.351 1.171 1.171 
0.451 1.336 1.336 
0.518 1.674 1.674 
0.233 1.270 1.270 
0.568 1.192 1.192 
0.517 1.598 1.598 
0.400 2.331 2.331 
0.384 1.313 1.313 
0.384 1.893 1.893 
0.317 1.269 1.269 
0.400 1.849 1.849 
0.401 2.045 2.045 
0.534 0.711 0.711 
0.517 1.171 1.171 
0.467 1.510 1.510 
0.350 2.834 2.834 
0.533 1.116 1.116 
0.418 0.995 0.995 
0.349 0.864 0.864 
0.584 1.279 1.279 
0.551 1.116 1.116 
0.417 1.302 1.302 
0.450 1.477 1.477 
0.435 0.821 0.821 
0.284 0.996 0.996 
0.318 1.412 1.412 
0.383 0.766 0.766 
0.300 1.204 1.204 
0.534 1.707 1.707 
0.283 1.356 1.356 
0.300 0.766 0.766 
0.267 0.941 0.941 
0.300 0.995 0.995 
0.383 1.062 1.062 
0.333 0.788 0.788 
0.567 1.116 1.116 
0.367 1.095 1.095 
0.283 0.963 0.963 
0.567 0.996 0.996 
0.600 2.243 2.243 
0.383 1.171 1.171 
0.250 0.831 0.831 
0.299 1.281 1.281 
0.368 1.302 1.302 
0.434 0.919 0.919 
0.301 0.865 0.865 
0.450 0.755 0.755 
0.484 0.798 0.798 
0.284 1.302 1.302 
0.250 2.089 2.089 
0.318 1.652 1.652 
0.334 2.199 2.199 
0.367 1.336 1.336 
0.401 1.007 1.007 
0.233 1.707 1.707 
0.300 0.832 0.832 
0.517 1.073 1.073 
0.216 1.456 1.456 
0.567 1.313 1.313 
0.501 1.280 1.280 
0.400 1.258 1.258 
0.434 0.755 0.755 
0.301 1.522 1.522 
0.384 1.280 1.280 
0.584 0.810 0.810 
0.417 1.696 1.696 
0.417 1.893 1.893 
0.300 1.522 1.522 
0.401 0.963 0.963 
0.451 0.843 0.843 
0.466 0.876 0.876 
0.366 0.844 0.844 
0.350 1.488 1.488 
0.600 1.259 1.259 
0.216 1.719 1.719 
0.551 0.930 0.930 
0.567 1.051 1.051 
0.517 1.531 1.531 
0.250 0.711 0.711 
0.300 1.532 1.532 
0.334 1.761 1.761 
0.467 0.809 0.809 
0.250 1.335 1.335 
0.484 1.094 1.094 
0.250 2.965 2.965 
0.467 0.678 0.678 
0.401 1.061 1.061 
0.517 1.346 1.346 
0.483 1.434 1.434 
0.567 1.127 1.127 
0.566 1.378 1.378 
0.334 1.094 1.094 
0.483 1.051 1.051 
0.284 1.291 1.291 
0.217 3.995 4.278 
0.501 1.313 1.313 
0.400 1.947 1.947 
0.400 0.810 0.810 
0.567 1.215 1.215 
0.451 2.625 2.625 
0.450 1.018 1.018 
0.551 1.466 1.466 
0.533 1.555 1.555 
0.435 0.842 0.842 
0.283 0.831 0.831 
0.301 1.061 1.061 
0.550 1.138 1.138 
0.216 1.368 1.368 
<><><><><><><><> 
RT (mean):  1.36 
Consistency:  -0.01 
Self Consistency:  0.70 
<><><><><><><><> 
End: 11-Nov-2014 12:12:20 
