026,057,023,031,026,015,003,060,004,018,055,024
048,021,043,010,023,049,002,050,041,016,058,011
022,057,002,051,050,018,057,056,040,028,013,028
001,025,055,017,001,035,029,055,016,057,002,021
035,003,060,057,024,026,019,043,032,059,053,031
037,045,020,027,006,014,012,049,036,019,034,046
036,060,001,038,057,025,006,019,045,026,008,050
058,028,012,006,043,009,060,043,053,022,041,055
025,020,010,041,023,007,016,019,043,006,049,043
039,026,036,008,008,010,046,007,034,032,044,018
018,013,042,040,043,045,052,042,048,003,028,049
019,054,022,019,012,044,039,046,024,006,038,057
029,011,001,033,049,011,015,045,046,049,059,056
006,042,057,030,013,016,038,031,033,021,025,058
047,037,020,003,030,045,003,009,043,052,048,002
060,032,005,045,029,025,019,042,044,047,030,001
037,052,007,030,009,038,023,045,022,001,040,029
043,017,058,046,059,016,036,037,016,056,033,047
028,037,044,017,055,014,045,060,039,001,055,038
001,032,028,004,049,020,036,011,019,051,058,009
002,060,012,009,005,037,015,046,043,031,048,031
010,033,010,031,003,040,024,005,001,016,041,035
059,055,060,020,014,042,017,029,024,020,040,057
004,056,058,030,044,031,010,056,050,058,017,042
054,057,022,023,045,017,046,041,059,034,040,023
052,014,034,024,005,036,020,044,011,021,022,060
053,026,046,017,059,043,005,033,053,018,005,047
004,002,019,008,038,016,026,059,023,038,010,004
005,040,046,018,001,014,016,025,021,056,005,035
053,043,044,006,011,006,037,046,009,001,051,004
034,042,039,042,008,020,051,042,019,047,029,042
058,023,050,056,060,058,019,029,002,040,049,050
059,025,034,029,035,059,004,052,048,010,048,040
039,014,016,012,055,053,017,015,042,031,030,038
040,027,025,018,016,009,057,055,026,011,015,025
044,019,010,040,044,026,013,030,001,042,009,037
007,042,026,054,034,043,005,055,008,044,014,038
037,013,030,027,011,032,019,002,002,042,005,052
050,051,019,049,036,035,025,021,007,020,015,038
009,018,039,029,048,006,046,060,010,035,039,019
015,053,002,014,002,055,028,048,055,044,050,017
043,057,056,042,039,040,034,008,034,038,049,034
052,046,059,027,021,045,031,025,013,014,047,015
006,017,033,004,012,005,055,003,048,005,019,059
048,029,051,058,034,004,008,022,009,042,016,043
052,002,035,012,012,036,030,042,001,017,051,020
035,034,033,055,044,057,044,050,029,028,031,013
054,033,027,014,040,011,038,024,051,016,006,027
013,004,016,044,049,025,055,045,050,005,001,003
053,052,022,014,034,019,049,003,027,047,013,012
035,030,046,031,009,060,023,054,040,052,034,054
017,003,022,055,013,017,024,011,038,029,004,060
015,022,004,043,053,057,059,052,032,025,045,020
007,012,056,013,028,026,043,022,045,022,037,002
019,048,020,052,047,053,006,060,035,037,047,042
053,035,046,042,022,017,016,007,049,017,043,021
048,014,016,018,004,019,003,053,038,046,037,008
030,041,025,023,028,055,038,042,009,028,011,052
026,052,035,017,037,041,050,021,043,002,059,057
009,044,012,014,007,021,048,041,047,017,046,033
019,013,028,005,027,039,017,056,050,020,002,009
010,024,025,012,049,015,048,033,012,052,030,022
060,059,044,049,025,027,007,057,059,041,005,049
019,046,053,005,007,011,047,054,014,030,053,032
043,058,033,025,012,058,008,039,029,026,026,005
047,003,016,017,023,001,020,042,041,038,018,007
030,059,036,059,048,034,043,005,018,058,053,028
043,036,034,033,041,043,014,007,055,027,029,041
059,014,054,016,037,042,013,021,059,047,015,018
018,012,042,032,024,004,011,035,004,030,031,051
055,039,020,057,030,032,008,033,048,012,056,039
034,058,029,053,029,008,058,044,003,021,038,003
036,017,050,046,047,034,053,024,033,039,009,054
022,037,032,004,038,012,050,055,026,043,057,050
029,057,017,054,011,013,033,011,054,005,021,047
031,001,033,057,010,001,001,056,044,003,041,040
043,011,051,047,042,053,002,033,021,051,038,035
057,009,039,022,005,014,024,049,006,015,016,053
039,052,004,040,046,044,022,029,054,056,024,035
022,042,020,016,050,034,053,006,024,009,013,044
038,043,047,043,055,035,032,020,021,039,033,014
016,058,008,023,058,036,046,001,034,012,030,011
014,041,037,060,051,027,030,055,008,028,031,008
001,043,021,059,026,004,012,020,058,053,056,012
040,032,060,012,048,001,023,003,041,001,029,015
038,059,034,017,032,050,058,032,036,013,025,040
053,054,057,003,038,033,055,018,005,011,030,036
027,031,015,054,049,022,039,048,012,008,015,012
046,021,021,012,004,015,058,037,013,053,004,045
035,054,038,058,033,059,036,048,032,021,023,043
039,043,002,011,045,050,040,001,014,049,030,060
052,007,020,035,035,015,041,054,034,013,054,043
030,051,017,019,010,034,017,002,018,060,032,038
034,018,048,026,026,049,020,054,009,010,060,007
050,026,054,058,039,031,019,058,018,042,028,016
033,052,019,021,034,053,050,004,001,059,053,046
016,026,022,047,017,058,053,060,008,041,038,018
042,024,018,048,003,031,004,022,038,049,028,014
037,003,056,002,041,047,008,054,057,028,030,029
038,004,015,044,040,008,027,050,027,046,013,025
016,050,060,051,055,023,024,046,010,026,043,008
054,001,023,042,024,036,023,060,049,016,012,059
033,031,056,011,005,016,046,002,022,059,024,045
009,027,033,049,059,010,033,058,011,053,023,027
037,056,031,004,028,039,010,042,024,054,034,044
026,030,046,005,008,015,007,051,007,026,045,035
037,010,039,020,033,056,028,032,009,055,012,032
016,031,014,034,047,057,019,012,017,011,030,044
010,005,028,002,019,056,015,055,022,028,023,026
037,014,055,043,032,035,003,007,053,023,015,003
015,005,008,014,033,013,036,006,007,010,001,011
030,025,045,051,010,046,005,059,031,017,056,027
014,053,059,042,023,035,006,052,012,004,006,039
036,032,041,033,012,001,013,020,038,052,019,027
022,048,045,032,007,025,005,023,055,042,037,023
036,044,053,010,047,052,021,014,025,048,025,039
053,017,019,033,037,012,045,034,036,027,041,004
047,048,040,053,005,057,011,057,038,010,048,053
025,051,030,008,054,018,054,029,007,027,044,021
020,005,054,031,016,042,001,019,022,058,055,037
013,032,016,011,025,022,017,030,055,048,019,018
035,007,012,057,027,018,055,026,044,043,027,011
044,042,042,045,055,054,027,052,046,045,031,035
018,026,039,023,002,026,019,038,009,014,024,057
046,028,022,013,024,058,011,003,024,008,021,020
052,032,021,042,027,054,033,043,053,049,058,003
033,012,027,004,003,016,039,012,016,015,013,054
013,046,052,058,020,028,002,018,004,009,044,035
026,008,045,036,047,029,057,027,042,054,003,027
011,009,022,034,024,040,010,030,003,010,028,017
038,025,009,035,015,010,055,031,018,049,052,044
047,028,020,010,054,025,048,027,008,002,018,040
050,010,003,050,023,032,006,046,030,012,056,055
013,040,032,002,010,025,007,055,005,041,031,058
022,024,057,019,021,060,033,016,001,044,025,042
040,044,027,008,007,039,049,042,029,003,004,003
007,038,041,045,002,005,008,004,016,030,006,009
008,042,043,051,001,051,025,047,057,049,001,037
027,032,007,036,012,047,034,005,011,025,055,058
020,058,024,021,048,009,015,042,049,004,011,018
045,047,041,012,020,031,023,041,047,009,002,045
010,022,053,059,027,038,054,014,036,038,055,025
006,035,044,038,049,032,012,011,015,013,007,019
012,051,007,017,034,051,031,026,036,040,056,029
014,031,001,034,007,024,027,017,058,014,058,047
015,048,020,055,023,020,036,014,052,034,025,014
032,039,040,045,022,011,055,049,018,041,027,001
010,044,016,060,028,056,002,024,056,038,015,014
041,007,017,021,014,023,037,040,032,010,016,037
048,049,060,039,051,037,057,001,006,055,044,004
051,022,020,014,003,019,047,007,053,008,026,051
016,002,029,052,054,051,012,026,043,056,038,045
013,047,015,002,024,017,007,040,003,039,058,021
029,024,044,060,012,055,053,056,040,021,019,040
049,027,048,011,054,059,032,015,035,018,010,036
010,054,022,033,016,024,012,010,046,020,029,045
024,023,026,056,059,018,060,026,005,003,049,059
009,015,051,014,024,001,058,010,036,034,029,035
055,047,024,019,057,032,004,047,020,001,014,046
011,031,036,042,017,005,046,030,002,053,020,056
053,019,039,016,026,019,057,035,026,009,006,004
042,048,055,036,010,014,059,044,042,004,024,044
006,056,003,045,022,016,014,060,028,003,001,013
021,036,033,051,054,011,024,052,044,048,045,011
048,045,007,053,055,010,016,023,043,050,014,016
016,052,046,026,035,008,005,030,058,007,029,037
020,048,034,007,046,056,034,041,025,053,055,060
022,005,046,059,014,057,057,015,052,049,030,048
004,021,054,038,058,056,028,018,040,054,046,008
059,051,026,001,039,005,040,009,018,020,036,033
004,023,018,037,010,027,047,001,044,027,020,034
016,008,054,003,037,025,007,006,018,029,015,033
002,022,044,025,006,032,030,039,024,048,014,040
021,035,004,020,021,034,025,024,003,059,045,012
054,049,059,008,029,009,057,002,037,039,023,011
018,032,057,021,038,005,044,005,029,033,019,020
036,046,028,027,060,034,003,036,050,022,053,033
051,018,036,049,030,015,015,011,031,007,046,003
029,020,027,024,019,009,043,027,025,050,028,024
048,016,035,056,043,040,057,039,018,056,020,015
054,052,015,052,006,018,035,040,010,057,047,040
051,038,006,003,041,057,028,010,042,005,014,050
059,006,050,015,005,007,039,011,022,018,024,031
009,051,049,045,052,031,010,023,056,023,017,057
018,024,033,028,028,042,037,017,050,024,052,030
028,036,056,015,032,008,038,028,026,047,021,005
048,050,052,010,053,036,054,045,058,002,023,044
005,004,056,045,056,044,022,052,041,019,059,050
041,050,015,034,024,003,054,002,012,002,030,053
045,010,012,024,056,014,009,034,052,055,041,026
049,030,032,046,039,053,039,035,003,013,055,034
035,002,026,034,012,046,006,051,023,019,060,008
020,059,011,020,026,033,055,019,021,041,054,021
010,019,004,017,013,038,025,046,007,037,026,020
009,005,026,042,018,047,051,052,047,060,060,038
010,016,049,031,029,002,059,023,030,023,023,013
005,031,022,056,026,035,046,029,035,004,009,059
033,044,037,053,013,058,032,031,008,058,013,026
031,021,049,006,053,038,040,050,032,043,045,058
033,032,002,010,035,043,058,041,035,052,009,021
045,057,028,023,060,001,018,023,030,028,056,040
031,002,040,060,032,044,053,001,050,012,032,017
056,030,023,034,002,027,008,049,020,030,041,027
008,006,024,056,039,041,033,042,051,036,054,004
007,050,049,013,037,031,038,047,052,045,003,018
044,045,044,039,059,017,003,056,060,027,057,031
059,015,029,043,048,004,004,029,013,039,016,004
048,046,002,041,050,039,043,042,035,022,003,012
013,035,006,022,058,026,009,053,024,060,007,032
029,007,034,002,002,030,036,015,012,042,021,052
060,015,003,043,046,057,021,028,043,020,024,013
048,035,047,032,045,019,051,005,058,049,051,044
011,028,037,049,021,008,029,036,006,057,027,005
015,058,009,039,047,049,027,012,022,040,017,026
037,034,014,024,006,028,060,050,032,009,018,021
026,006,052,009,053,027,051,013,047,020,019,031
049,010,030,006,009,017,035,049,010,051,026,022
054,050,041,051,025,043,021,001,029,016,029,023
023,015,035,027,047,014,031,018,007,013,030,003
051,029,008,038,006,005,008,007,029,021,011,010
011,014,024,015,014,045,005,058,045,009,004,058
023,002,013,005,008,052,045,027,025,036,009,025
013,029,009,007,026,032,006,033,017,048,014,018
051,011,043,018,043,012,003,034,024,041,024,037
001,008,002,036,051,055,019,005,033,007,056,060
047,011,029,060,049,056,029,059,011,037,037,050
017,020,054,006,044,022,002,013,036,052,049,040
047,046,024,047,015,037,059,028,060,035,054,044
054,032,039,017,027,033,044,041,023,052,035,042
003,025,050,029,038,006,059,058,007,015,006,037
037,027,051,008,031,022,015,039,033,037,036,023
026,040,022,054,048,008,049,001,040,006,039,034
033,018,029,031,011,038,059,011,032,005,032,014
013,010,042,003,047,056,057,048,029,001,028,054
022,003,044,053,060,048,007,028,060,013,006,029
019,028,058,006,047,035,002,049,059,031,032,056
060,052,021,023,026,025,001,050,004,007,022,027
007,049,054,012,049,029,005,008,008,047,057,023
032,024,030,034,053,045,046,054,022,009,040,055
021,037,004,046,009,050,025,006,032,016,026,014
055,016,060,028,052,041,020,009,033,035,048,038
009,023,013,057,050,011,008,017,032,022,015,041
051,056,035,028,051,048,041,025,048,054,043,048
001,004,021,030,037,026,038,022,037,032,042,041
057,018,023,046,038,017,002,020,054,030,058,040
032,019,004,014,011,060,052,019,052,057,054,039
009,056,041,056,008,056,046,043,006,023,042,057
012,053,048,032,011,044,023,033,004,037,060,031
025,008,007,022,004,059,001,058,014,019,046,035
052,048,038,020,052,050,038,050,037,054,019,025
027,021,042,050,006,001,005,025,047,002,008,009
037,030,004,055,041,013,003,051,023,051,017,010
033,017,041,020,001,002,031,034,047,016,005,018
050,028,035,019,029,012,051,040,005,029,008,011
013,045,007,059,047,050,020,053,057,034,038,039
010,021,031,030,044,028,060,054,030,043,033,050
016,040,042,013,016,006,034,016,058,035,052,018
048,037,017,041,029,010,050,023,053,041,001,005
031,045,003,032,007,001,002,003,043,037,048,023
035,050,016,027,051,028,025,035,051,015,030,009
049,051,019,030,043,013,040,030,047,030,014,029
040,033,044,002,049,041,041,009,045,006,030,050
060,019,010,018,017,040,040,012,021,049,018,036
039,018,037,059,022,012,016,036,031,040,002,038
042,060,039,051,043,024,039,004,060,033,006,041
026,038,015,019,007,002,011,034,027,042,001,036
006,047,031,050,003,008,017,018,008,045,055,032
034,027,041,003,006,010,031,036,048,059,051,024
046,016,055,001,003,026,015,043,025,056,027,058
007,044,009,031,018,030,023,017,023,012,039,047
060,017,052,028,008,057,033,045,029,058,056,048
019,037,036,004,011,042,027,026,049,060,033,030
021,006,028,015,057,004,037,057,009,036,053,004
003,033,056,007,028,001,045,039,027,013,045,016
011,004,021,022,020,037,021,016,034,006,052,056
005,060,015,031,025,017,055,008,036,050,001,018
048,013,006,013,005,056,011,041,045,001,040,038
044,014,039,049,031,012,002,025,055,013,052,001
009,033,059,024,048,007,051,057,051,017,015,021
045,018,039,036,059,002,043,007,024,030,009,049
032,041,029,027,036,022,041,031,050,013,006,002
018,008,001,015,028,012,010,039,056,034,041,028
057,058,023,047,040,046,036,020,054,036,056,036
047,010,011,055,021,055,043,028,051,035,009,046
039,002,019,050,039,058,020,033,058,042,038,037
021,053,036,041,036,057,028,045,022,041,029,032
045,025,059,013,019,011,046,051,052,003,034,040
027,015,017,052,022,046,025,052,014,035,043,014
048,058,050,006,025,028,015,040,006,031,040,059
045,059,024,033,014,017,032,051,017,012,031,047
047,036,060,041,060,010,038,021,007,054,026,021
028,034,020,006,013,052,003,014,025,034,013,009
025,060,053,050,025,004,044,029,035,016,020,022
056,031,046,011,044,037,040,020,007,045,028,031
013,008,039,024,059,039,046,055,051,053,036,026
