007,057,027,046,048,060,019,048,014,048,038,027
012,013,021,049,024,005,049,018,057,041,029,053
024,037,041,056,015,016,032,059,048,022,035,031
005,039,030,028,009,042,060,030,029,054,040,009
028,036,021,022,007,011,038,056,002,048,039,048
024,017,042,038,023,016,011,048,057,018,026,052
045,050,020,059,054,021,015,044,019,006,045,010
036,027,060,018,013,044,038,007,017,054,041,028
031,004,052,024,035,032,006,017,050,002,032,002
003,058,030,042,036,048,033,019,021,059,007,028
055,059,035,012,047,006,047,036,053,032,041,023
005,009,024,046,029,060,025,031,002,055,057,035
057,004,041,035,047,031,042,022,006,004,048,058
029,006,003,019,011,004,052,007,039,051,046,022
004,051,029,011,037,043,056,029,022,018,014,040
009,059,005,023,006,003,030,024,036,025,001,029
038,031,030,020,060,057,060,059,002,053,048,045
042,015,007,047,009,043,015,005,029,016,059,029
050,031,024,022,049,057,004,032,005,048,040,046
019,017,021,016,019,050,016,020,002,059,055,032
028,024,019,015,021,013,060,042,027,005,036,052
060,050,056,001,020,023,034,010,042,024,042,014
028,039,030,008,038,029,024,025,033,050,021,053
026,048,043,045,013,051,045,021,060,015,001,043
049,032,029,017,016,037,034,008,039,027,040,053
058,040,019,058,025,014,014,047,019,011,014,010
052,043,009,034,037,040,043,008,015,032,052,017
007,034,040,001,048,049,036,060,004,035,045,053
013,006,009,002,012,007,029,009,042,032,013,057
052,034,019,040,025,028,044,022,010,019,059,028
032,036,020,021,055,054,013,033,028,004,042,040
049,009,004,050,050,005,045,032,044,036,004,022
041,019,055,035,008,009,010,059,032,023,026,018
058,008,058,014,016,044,035,033,026,009,040,024
018,005,005,003,028,057,024,021,018,052,021,046
040,011,055,060,030,054,011,008,040,004,039,056
006,054,019,044,010,056,055,052,039,022,005,033
016,019,026,023,019,054,014,028,052,050,006,007
029,003,051,014,057,043,025,016,007,042,044,012
007,015,011,016,034,002,043,038,028,055,022,007
023,054,027,017,014,021,019,028,016,032,054,043
015,031,003,052,059,012,047,043,004,044,029,042
011,010,008,053,020,033,020,055,019,034,036,019
048,043,032,029,017,045,022,028,015,008,002,037
033,046,053,001,054,018,053,052,020,041,009,041
031,040,031,006,019,049,034,028,016,058,025,050
033,007,050,008,027,021,021,057,034,036,006,036
060,041,017,057,003,050,037,032,035,007,025,023
049,012,020,010,055,031,020,026,008,021,045,046
030,032,040,044,049,027,010,009,003,044,022,012
007,046,024,036,019,052,043,029,042,054,034,001
041,031,017,044,042,001,025,040,008,014,021,015
050,021,040,016,016,035,003,059,058,028,051,030
027,002,056,057,011,012,033,038,011,049,056,024
053,044,039,008,057,026,028,050,054,031,025,010
056,030,050,036,007,027,023,024,049,008,011,027
038,002,044,026,005,059,026,037,010,038,003,015
033,060,015,013,012,031,038,013,004,058,051,007
003,041,020,012,007,024,033,056,046,059,057,037
030,035,033,034,033,058,057,011,017,060,041,049
021,058,046,051,019,027,004,016,001,004,004,007
024,039,004,014,044,018,058,024,012,010,045,033
008,023,030,017,027,060,019,029,011,030,038,019
041,054,020,058,022,025,004,023,008,048,023,033
023,031,019,055,012,053,039,001,035,017,059,034
059,004,006,015,010,022,056,022,010,016,018,011
015,009,033,039,005,054,012,040,047,027,006,025
037,046,050,015,016,006,054,022,055,029,028,038
051,022,042,025,033,010,009,047,037,001,023,036
052,035,011,036,023,039,008,033,048,034,013,028
059,041,022,049,055,048,013,002,008,044,020,004
002,006,023,047,035,025,041,022,032,018,015,054
037,013,056,026,026,030,051,057,019,005,017,013
021,028,030,041,031,003,014,020,054,004,054,026
058,042,022,034,008,001,059,006,031,027,042,034
007,026,013,046,055,006,026,049,020,046,033,029
002,023,019,022,036,054,029,008,037,052,054,001
011,050,053,031,006,022,017,026,039,011,012,047
051,042,026,042,004,018,014,052,056,049,010,050
056,058,001,030,036,022,048,042,053,037,025,017
003,043,056,025,025,015,016,052,018,040,051,060
034,026,060,035,053,010,004,036,051,002,057,058
059,043,047,042,049,037,041,044,043,028,053,019
032,009,015,040,012,034,031,005,004,047,035,003
043,017,022,026,029,028,006,044,043,025,006,014
023,045,031,057,001,003,052,041,024,050,041,016
049,025,006,030,028,012,010,027,057,001,026,027
029,035,001,041,046,039,023,055,029,010,040,033
023,052,008,055,050,016,018,009,006,021,038,048
012,033,058,022,008,060,011,013,042,018,036,045
028,008,017,053,017,003,033,006,026,051,013,004
014,045,020,007,054,013,032,039,011,025,003,038
018,027,049,060,047,059,030,058,012,048,053,007
040,038,005,043,044,048,003,036,001,010,049,042
037,047,058,034,029,022,020,017,008,059,026,036
053,048,046,005,050,038,006,008,003,002,034,051
011,038,052,044,037,028,015,043,016,060,049,023
057,030,046,025,052,020,059,056,025,032,043,002
041,002,045,012,032,047,055,007,046,048,001,046
034,057,021,009,050,040,011,023,059,026,027,053
024,016,016,047,056,034,004,030,029,014,048,025
019,001,015,045,042,057,056,027,047,011,009,022
021,025,029,031,041,010,050,042,003,034,016,018
040,028,021,042,030,029,011,015,039,055,006,042
013,026,043,022,043,019,039,010,002,004,033,036
037,056,031,013,056,045,023,058,005,017,053,042
008,005,033,051,049,014,041,004,043,010,047,041
046,042,047,034,034,018,023,048,034,037,005,010
044,002,031,002,016,030,044,049,016,027,041,032
024,012,036,030,044,020,023,017,029,048,019,002
039,050,046,050,010,036,011,032,054,052,025,060
014,013,025,057,049,059,049,030,026,031,003,021
046,047,055,045,024,047,015,022,012,023,001,022
044,007,056,060,016,001,030,002,044,035,028,031
033,018,014,022,056,017,042,028,056,013,049,017
034,035,058,001,005,013,002,057,038,021,056,043
040,021,008,046,030,003,030,037,051,056,002,035
032,010,039,041,016,045,003,025,009,004,058,037
005,037,028,048,001,024,030,018,050,037,004,055
050,026,056,004,037,051,060,039,046,018,036,013
028,049,014,032,055,024,019,008,007,008,031,030
008,045,008,024,019,025,012,004,010,055,006,048
059,037,041,043,054,003,056,009,045,007,036,009
021,055,019,032,022,005,014,001,038,020,020,048
024,038,012,039,009,045,045,060,005,030,041,026
057,032,016,007,014,035,024,053,037,009,054,007
054,012,044,010,046,054,056,006,053,015,005,060
057,033,050,023,052,004,058,045,055,050,043,032
003,037,051,044,054,051,039,031,045,040,041,042
018,020,028,047,040,039,020,057,023,046,005,057
051,005,015,004,050,001,014,056,055,042,029,039
060,011,026,040,020,043,025,054,057,015,057,036
010,028,028,046,029,027,027,001,053,009,015,030
048,004,045,041,019,045,018,043,041,021,013,001
056,002,018,006,036,042,015,001,055,058,056,044
008,041,004,021,060,054,007,049,007,002,030,043
014,054,051,031,026,015,059,023,047,020,016,009
027,042,022,032,060,006,031,021,049,051,060,021
035,049,011,044,021,026,041,015,007,025,016,028
034,015,042,033,009,035,049,036,054,038,054,048
030,038,015,046,010,017,003,009,020,008,050,018
049,043,012,005,026,058,029,037,023,029,020,013
013,042,020,050,057,046,028,011,043,060,060,032
027,008,038,055,058,039,047,044,053,039,055,053
044,025,012,009,031,036,059,052,007,030,052,031
008,031,015,010,040,002,032,038,022,027,046,034
039,042,055,013,042,043,019,012,023,060,041,027
040,008,027,009,019,018,010,048,041,033,020,054
021,048,014,023,042,002,015,039,003,016,034,017
054,045,001,007,016,022,030,022,037,021,029,052
017,038,038,023,060,013,037,023,044,014,012,008
045,039,032,040,050,051,051,052,032,048,044,034
042,003,016,049,029,044,045,006,040,017,014,043
055,049,026,004,003,012,054,032,020,039,035,018
045,057,035,008,011,055,031,019,014,050,012,030
056,040,037,010,027,058,045,034,058,044,035,038
006,050,038,058,009,014,023,010,032,026,005,056
002,015,034,043,039,036,002,020,046,011,049,052
035,006,023,001,047,056,047,033,013,027,028,006
012,042,020,031,035,051,058,009,041,051,005,049
017,011,054,058,018,008,030,055,044,046,036,001
015,029,060,012,043,023,029,018,012,016,059,022
013,052,035,053,024,045,010,046,025,002,038,034
022,055,029,050,008,051,030,039,034,040,046,049
019,056,025,055,024,018,011,031,024,057,023,022
026,011,031,022,057,053,055,037,015,047,059,042
028,009,005,047,054,010,046,002,048,051,053,022
006,037,011,006,038,053,044,024,030,034,040,027
043,046,046,012,014,002,002,012,014,055,004,024
033,004,053,060,045,038,021,007,045,018,031,033
050,044,028,026,016,051,030,059,053,003,019,046
014,016,057,040,055,005,047,018,009,046,004,010
034,029,003,055,003,024,017,016,042,016,001,012
058,049,060,058,023,040,012,018,058,053,020,011
037,031,019,057,029,036,010,021,052,021,047,048
047,001,052,027,030,048,013,043,037,019,024,041
060,037,017,008,017,007,021,035,036,038,018,037
056,055,043,033,058,029,024,006,029,005,057,052
057,012,007,039,027,004,039,035,016,039,051,012
041,036,052,045,053,005,019,047,003,045,005,021
021,011,032,058,049,045,013,039,018,056,053,041
003,057,023,021,023,003,026,019,020,009,014,031
020,034,007,019,050,053,045,025,014,030,058,052
056,042,010,002,003,013,034,053,024,002,051,053
045,005,045,011,007,037,036,056,027,057,036,035
049,006,052,012,011,035,052,022,037,017,003,008
041,018,049,003,037,036,001,048,053,013,040,020
026,024,018,015,003,047,014,046,045,022,026,043
009,060,022,037,031,032,030,019,007,018,014,034
030,044,036,058,050,030,001,017,023,030,012,025
019,035,025,027,021,017,048,003,055,026,048,052
041,006,042,004,022,013,015,027,021,039,029,047
035,027,052,006,038,016,038,049,046,003,044,045
029,002,034,016,005,041,051,032,008,016,058,046
035,042,035,026,053,020,052,042,038,014,002,054
041,034,036,014,028,054,050,035,005,034,039,034
021,051,002,052,030,047,005,038,044,021,041,017
027,030,024,031,059,044,028,003,039,057,024,020
038,022,022,002,047,010,033,015,016,046,013,032
050,048,003,007,059,015,041,012,059,001,016,056
020,042,021,012,021,018,027,014,051,047,028,044
028,032,037,041,023,035,010,003,033,017,014,003
010,035,056,054,042,017,059,018,028,023,043,027
037,042,042,044,014,037,026,039,035,022,050,012
028,035,060,052,034,006,011,034,029,040,025,004
029,051,041,050,016,005,023,044,020,006,002,039
034,055,017,022,017,047,017,032,002,011,007,041
049,047,006,023,058,050,048,059,058,059,026,016
014,018,018,038,018,039,050,007,004,038,056,032
025,058,008,032,053,026,008,037,044,005,059,035
035,048,060,028,060,001,059,053,045,047,051,036
001,021,031,009,016,033,023,042,059,024,020,060
037,015,036,046,013,058,025,005,055,044,027,032
002,026,049,015,044,054,013,008,037,035,044,009
017,058,006,005,018,058,057,014,015,048,005,040
038,051,046,055,055,009,034,049,054,053,019,013
009,057,031,048,058,035,052,009,043,012,029,007
034,031,012,015,020,032,005,020,049,001,001,052
017,050,053,036,045,051,038,041,024,015,014,019
046,060,010,031,003,033,008,010,022,040,040,013
033,044,001,005,044,031,014,039,023,013,017,002
047,013,023,051,029,046,047,055,022,060,003,040
009,048,018,001,051,003,023,007,053,011,029,025
010,060,055,057,004,005,043,016,044,037,056,046
023,018,036,005,023,015,011,024,057,008,037,025
017,014,040,049,013,010,015,020,031,049,026,060
004,019,033,026,051,006,043,035,041,048,020,019
018,013,056,003,004,008,031,045,020,003,032,012
046,030,008,025,020,037,029,057,018,010,047,058
031,060,024,014,046,052,001,020,034,050,052,005
010,030,049,004,009,011,023,009,005,011,060,040
022,020,007,036,036,002,048,040,033,052,056,015
038,006,050,059,010,006,039,009,002,058,045,027
056,048,054,027,058,015,018,048,013,041,021,019
054,050,013,016,009,051,009,019,050,032,054,057
017,018,043,007,045,026,011,043,002,047,011,041
003,004,002,016,023,057,020,045,010,007,043,040
016,055,047,026,059,011,035,056,056,050,051,025
032,024,005,014,038,001,053,049,035,005,015,052
034,025,028,051,046,041,027,059,025,041,059,019
051,027,001,011,020,035,024,029,052,047,009,050
040,059,052,008,025,026,018,036,015,028,059,031
014,007,031,056,053,047,032,052,059,051,010,051
037,045,002,001,040,010,033,024,058,005,033,001
025,001,013,024,032,006,048,027,029,020,017,009
047,035,047,060,053,028,056,052,056,028,039,047
026,010,049,024,001,009,013,048,032,003,025,018
011,014,059,039,029,004,046,004,040,006,036,021
059,033,037,027,012,058,027,055,056,012,001,032
038,039,051,040,053,016,012,026,032,034,031,018
014,059,024,043,021,002,053,014,004,017,013,029
046,032,054,008,036,020,006,046,058,051,023,027
035,045,012,038,025,009,013,049,036,043,043,004
053,030,039,017,024,019,001,028,022,008,006,027
028,027,003,027,037,012,054,039,036,012,047,054
003,022,040,052,055,040,033,048,017,055,024,010
017,048,023,019,038,037,035,024,013,050,045,042
013,030,051,043,020,056,002,005,051,001,044,027
035,046,024,027,043,044,048,016,060,004,025,033
057,044,007,056,012,027,056,021,011,037,009,030
031,016,029,041,006,043,026,014,020,049,026,006
008,026,008,056,032,033,049,050,046,053,011,033
024,054,054,016,054,049,015,038,047,038,057,016
044,032,057,048,059,025,034,023,006,009,030,040
038,009,045,030,053,043,026,038,017,015,056,053
016,036,044,060,005,042,059,036,007,032,018,055
035,001,057,050,017,036,018,003,058,006,030,052
036,055,007,005,052,010,015,055,018,028,034,027
002,028,033,053,046,026,014,041,001,044,009,033
058,041,023,056,039,025,033,030,020,051,043,021
059,045,028,033,060,038,011,054,045,013,039,006
020,027,009,013,049,033,058,007,039,044,038,057
033,002,052,011,042,011,028,020,002,060,051,019
043,055,053,006,035,013,001,006,034,054,049,039
010,057,024,048,009,007,060,003,050,043,006,057
021,047,029,021,034,060,025,047,047,022,059,013
045,004,013,025,002,018,019,042,019,039,001,031
052,025,003,039,010,049,025,038,054,037,051,055
054,059,051,017,006,012,055,033,023,053,060,019
050,022,050,027,022,057,059,038,059,016,029,012
008,047,028,045,008,038,043,031,021,030,051,011
029,049,031,017,040,047,007,059,028,005,013,034
027,033,051,018,054,033,060,014,048,007,054,035
052,038,007,013,022,011,050,047,009,054,005,026
007,040,058,011,043,058,025,020,034,004,032,021
059,057,045,002,031,007,039,004,049,002,046,038
031,058,011,056,051,015,040,054,052,028,037,048
024,051,025,053,001,026,012,014,042,031,040,036
010,042,046,017,060,024,055,001,012,055,037,039
034,024,007,060,037,004,008,036,035,015,041,040
045,029,014,033,035,040,021,033,029,026,031,046
057,047,024,009,059,017,053,004,014,015,033,037
001,045,043,039,015,036,041,055,053,018,042,008
038,044,030,025,021,034,026,003,017,012,058,010
008,002,052,039,011,003,032,005,022,033,028,017
