003,035,039,054,051,029,009,046,036,046,005,010
039,037,035,036,050,054,029,039,041,033,052,053
036,049,039,018,036,058,044,033,058,050,032,059
023,024,043,021,048,006,035,014,001,052,021,035
032,006,026,060,008,028,036,019,057,022,009,042
060,049,028,004,019,031,057,041,019,048,025,036
028,035,009,035,033,045,007,059,020,024,046,018
017,002,012,003,050,059,002,025,007,041,057,021
045,032,028,049,027,008,041,038,046,059,013,022
020,011,048,047,015,029,027,051,020,033,054,048
006,009,050,052,007,022,001,058,041,051,030,006
031,023,006,047,019,017,055,027,060,057,060,054
045,011,050,014,049,021,010,042,029,049,018,053
006,019,032,030,024,041,055,024,002,024,057,016
004,057,058,039,023,033,036,056,005,029,003,010
020,048,042,031,010,013,003,027,018,055,007,037
030,008,032,040,031,050,048,010,059,001,009,029
060,043,012,017,060,048,057,034,028,031,018,005
049,057,007,009,037,032,042,016,005,052,058,004
029,022,059,005,025,054,028,018,034,016,038,046
033,037,037,023,002,041,005,037,028,050,048,039
036,017,045,016,014,037,015,023,056,035,034,032
026,019,015,060,008,005,005,027,003,057,057,001
054,032,045,048,046,022,059,047,036,007,047,021
001,030,008,042,048,011,045,035,014,003,060,058
057,042,044,023,050,047,038,049,051,034,041,021
002,007,026,047,060,053,020,003,042,056,010,057
034,033,004,055,002,022,060,007,030,043,042,025
024,027,014,058,041,048,019,004,036,001,022,034
051,020,044,025,055,012,002,003,003,037,029,037
057,013,013,041,044,051,029,048,043,016,020,013
003,045,025,030,022,050,022,056,026,022,046,005
025,055,048,035,001,056,029,046,002,044,040,026
043,002,055,026,059,033,027,016,004,042,011,049
013,028,014,009,049,010,039,042,018,003,032,057
040,006,052,032,021,003,047,007,038,045,059,008
053,043,047,058,046,045,044,053,001,044,025,058
042,011,050,001,006,003,018,051,012,031,010,041
019,052,048,026,050,019,036,047,053,017,058,056
012,039,004,029,043,049,053,046,032,044,053,009
011,047,002,011,015,047,013,011,052,037,011,001
010,055,001,028,053,040,038,044,020,017,018,029
044,018,006,008,043,001,060,059,058,027,042,060
056,017,039,016,029,003,020,018,056,003,009,016
043,059,020,001,028,056,003,013,013,055,050,018
033,046,042,053,025,027,048,014,047,019,008,037
005,051,027,010,022,036,015,026,012,021,059,045
055,009,001,049,012,025,024,060,040,022,049,015
053,036,018,016,037,024,020,021,030,060,004,036
017,040,027,038,015,039,001,025,012,034,030,018
033,048,026,014,028,014,027,035,008,035,017,034
056,047,032,023,002,056,029,010,046,043,018,048
010,060,038,006,011,040,052,021,026,006,037,058
055,048,026,054,045,037,041,004,059,018,042,021
009,005,044,055,053,048,042,017,052,020,011,050
050,051,054,038,049,050,060,028,014,007,036,029
006,012,020,007,031,020,051,043,035,038,042,040
051,046,053,033,024,051,021,025,040,025,049,014
023,048,024,004,004,045,041,026,006,039,059,002
038,029,028,016,046,060,015,040,012,008,019,020
057,009,017,007,052,022,058,054,009,017,010,006
045,056,030,002,026,029,034,050,003,052,027,032
048,032,060,011,010,050,019,028,014,054,044,031
030,024,021,030,048,024,016,041,019,013,040,049
042,029,001,038,052,029,052,058,006,051,010,023
056,043,035,033,022,045,014,044,008,009,030,047
051,052,008,045,031,051,017,059,033,003,017,037
006,029,026,001,030,056,037,004,011,024,024,014
012,027,034,028,027,033,044,012,041,044,060,016
006,015,010,008,037,046,053,030,004,001,027,019
040,059,037,038,034,056,022,038,028,055,044,035
018,027,033,016,050,009,017,011,049,002,039,057
056,024,051,010,057,029,026,056,036,010,026,036
049,047,013,002,048,044,010,024,027,023,004,052
001,010,037,041,054,034,016,056,048,057,007,032
007,018,052,011,003,050,046,015,047,041,042,049
054,017,037,048,006,059,023,050,012,023,050,040
029,024,019,034,053,007,025,019,037,015,016,055
036,011,060,045,011,027,010,038,018,031,013,006
054,041,030,046,007,005,035,015,009,058,020,043
005,034,031,045,043,009,013,004,001,005,030,031
018,010,036,024,002,058,047,060,014,042,028,015
041,017,043,019,036,016,039,017,005,053,049,019
013,036,057,053,031,011,060,022,025,056,052,002
027,048,010,037,005,042,055,001,006,045,044,026
042,050,022,032,009,021,037,025,047,034,039,005
031,053,017,003,031,024,015,005,036,015,059,025
001,048,012,033,021,036,009,051,050,053,060,033
021,056,023,007,059,031,039,007,018,057,054,021
013,059,047,020,042,034,001,008,060,023,029,001
037,001,053,001,041,039,018,019,025,005,034,021
017,060,057,019,014,005,040,028,059,022,056,037
020,025,036,032,015,034,046,056,035,011,025,014
006,007,003,058,043,012,057,043,040,041,054,009
040,018,043,015,054,029,017,038,014,013,028,003
004,053,028,059,055,033,003,026,045,034,032,014
048,002,056,023,049,022,049,030,051,054,028,026
040,010,012,007,036,041,053,037,009,028,059,030
002,029,020,022,029,060,030,010,030,058,017,025
035,022,026,032,021,002,004,012,042,048,044,052
051,016,051,002,042,055,040,008,051,030,040,045
052,018,026,038,031,057,039,023,012,053,007,050
003,030,016,047,037,049,027,031,011,029,012,060
036,018,056,057,024,006,032,003,040,033,021,006
030,015,042,030,045,051,022,037,002,045,057,025
019,021,024,034,050,043,050,015,018,035,039,030
003,004,056,019,054,020,011,025,004,047,060,044
042,054,057,012,023,018,031,037,026,020,027,017
049,039,014,001,003,051,059,023,033,038,026,037
050,030,035,060,022,005,020,009,013,037,024,057
026,042,007,021,041,020,030,019,021,018,031,010
051,032,015,010,036,040,031,025,016,007,058,038
058,008,047,005,056,027,032,002,042,052,028,021
047,009,014,038,018,049,052,035,011,006,034,023
016,003,003,041,028,020,006,043,046,010,033,002
014,047,029,014,008,053,017,005,045,020,027,022
024,026,017,023,017,052,025,003,021,010,016,008
055,046,019,024,002,047,045,041,026,059,015,020
045,057,002,015,004,018,034,046,040,055,035,031
009,023,020,012,021,044,021,014,054,047,024,049
045,053,053,002,020,060,001,002,037,035,010,022
035,016,005,054,032,043,047,025,032,024,060,003
017,008,057,026,008,036,019,054,046,028,059,012
041,001,006,055,042,028,049,044,053,056,022,009
015,033,034,038,050,060,013,030,057,005,020,037
043,029,018,002,039,027,040,020,053,003,025,049
049,016,015,048,046,026,038,013,006,056,027,040
017,024,017,051,036,012,040,003,034,058,042,022
035,020,050,038,043,014,058,028,027,007,013,024
003,054,024,003,024,033,043,054,045,029,016,012
018,042,051,057,043,023,026,030,014,039,040,004
013,043,040,037,015,053,004,008,001,007,045,036
054,046,028,043,021,040,059,038,021,011,010,058
029,012,017,044,001,032,054,044,053,051,027,046
001,046,020,057,005,026,059,036,017,029,038,036
030,014,045,052,001,017,054,049,037,057,037,055
052,012,041,019,007,030,015,016,007,052,048,059
047,017,053,028,002,010,033,001,018,011,022,023
051,060,052,036,038,025,021,050,028,012,032,019
058,022,010,028,044,007,047,040,038,008,044,009
049,013,041,014,050,026,036,057,034,055,042,036
050,024,026,011,051,007,008,049,001,022,048,013
001,040,041,018,057,033,002,040,059,027,024,053
029,027,058,017,035,034,049,009,009,015,026,016
057,017,014,010,020,046,017,046,045,021,031,008
047,043,054,055,008,022,058,005,011,023,012,019
032,039,027,050,001,016,011,032,029,021,035,013
049,027,052,057,023,020,037,019,040,051,006,050
058,041,045,024,028,037,032,035,041,006,053,010
045,009,055,052,036,005,055,051,052,060,054,031
027,013,049,051,029,023,012,018,026,009,028,007
040,007,009,013,059,052,056,050,060,004,009,041
006,033,012,058,026,035,038,055,033,032,010,011
009,025,017,016,015,051,049,034,035,047,021,031
005,050,060,006,053,041,058,011,015,021,059,055
032,008,055,021,005,021,045,013,024,018,054,036
022,021,056,010,011,008,036,020,037,006,019,015
059,042,023,002,030,054,060,031,047,044,027,034
025,007,040,057,011,004,014,015,013,060,042,013
014,036,046,031,054,037,025,045,001,051,017,022
032,053,029,053,026,043,006,002,046,035,047,053
028,051,034,001,041,011,058,059,055,060,045,049
035,001,058,057,016,019,056,060,050,041,020,059
027,052,014,018,056,031,008,025,047,031,018,006
004,010,027,047,043,010,020,039,036,006,021,046
039,060,038,020,017,028,055,036,045,015,040,024
057,014,049,046,019,038,029,041,042,035,050,035
033,026,058,020,026,008,024,015,003,015,027,041
018,013,005,048,034,013,049,032,030,038,034,039
052,010,011,014,038,048,031,043,039,033,012,009
005,044,004,030,031,033,060,038,023,038,015,058
043,034,039,009,042,006,045,001,046,047,022,031
045,010,015,055,029,035,038,031,048,040,030,055
058,049,006,057,013,001,054,035,045,043,032,031
006,027,007,026,048,012,043,003,004,025,057,046
024,039,025,034,035,019,029,013,021,048,051,026
013,008,007,043,058,053,006,020,016,037,030,044
051,012,031,013,030,045,054,015,055,014,021,001
004,043,017,015,057,023,002,005,009,056,025,018
008,039,009,033,052,031,015,044,059,010,034,011
050,033,051,035,049,017,026,045,016,053,029,059
023,021,038,007,006,052,036,048,040,046,053,011
057,059,035,005,044,058,005,049,012,013,002,026
034,007,052,015,027,057,033,021,044,036,031,015
051,039,020,010,046,011,044,008,046,002,049,056
040,035,032,012,015,041,040,039,060,005,003,031
001,023,033,022,058,055,005,045,002,042,017,006
007,033,047,008,016,048,007,046,005,004,008,002
037,059,039,028,046,024,044,027,037,060,026,018
023,003,033,010,017,033,007,058,013,040,024,054
012,015,026,049,037,044,023,055,049,035,052,049
016,020,029,007,039,056,050,004,025,026,043,055
003,011,009,034,051,048,060,041,008,014,016,024
056,032,028,024,016,022,033,011,039,036,020,056
026,013,030,036,023,053,060,001,025,052,033,030
031,017,054,028,001,019,004,014,059,041,026,004
057,054,005,040,045,012,018,022,044,016,005,031
037,034,030,035,032,028,052,009,048,028,036,043
033,036,053,038,041,022,007,045,053,049,056,018
058,043,019,029,042,003,043,011,011,007,014,031
059,015,043,017,009,024,020,004,043,040,056,048
039,021,044,059,021,058,040,044,019,042,014,020
034,002,023,016,041,042,050,020,028,038,044,043
013,050,018,045,030,022,045,055,035,012,049,033
033,054,034,026,004,033,009,048,023,014,055,041
051,059,038,057,007,048,046,019,037,011,035,043
019,008,056,055,040,016,014,006,018,009,018,008
052,016,025,046,036,002,055,050,017,014,023,005
002,057,002,014,018,038,045,019,055,020,014,052
015,018,036,003,023,049,021,017,016,050,024,043
044,011,005,033,021,027,015,004,018,060,010,026
001,009,048,003,029,028,005,011,024,058,013,052
047,023,019,005,035,024,020,008,013,051,035,017
052,030,023,036,008,051,028,005,025,015,018,054
011,028,055,029,035,004,014,056,019,022,025,029
032,058,038,009,008,043,039,053,058,051,056,038
012,047,018,017,052,026,001,024,046,014,051,042
022,053,037,047,060,034,020,005,016,006,059,053
052,043,012,022,043,039,006,054,012,038,032,005
054,023,013,033,010,019,049,004,056,041,012,037
044,057,025,051,052,041,030,017,037,027,055,031
060,002,050,032,032,025,043,018,004,059,012,046
001,039,058,023,008,003,032,055,022,024,016,010
042,045,002,004,034,030,013,015,027,030,049,041
012,050,019,055,054,016,035,057,007,057,046,058
018,037,013,005,051,022,046,032,005,016,060,032
029,040,004,021,025,006,034,048,042,027,015,008
039,044,029,034,057,028,037,043,045,044,036,009
003,059,007,019,003,039,058,042,054,001,014,045
024,042,049,012,050,044,049,048,015,022,029,032
047,003,053,020,004,046,018,033,028,027,041,046
008,046,016,032,059,039,023,040,057,008,006,034
010,007,021,051,017,032,059,021,023,035,056,011
025,035,046,006,007,031,008,048,004,009,036,050
041,005,023,028,054,002,009,011,005,012,042,047
031,002,025,060,004,027,047,055,049,006,035,007
016,025,011,015,008,050,046,003,027,002,018,058
051,056,057,055,029,020,028,047,044,013,004,032
032,013,028,044,058,048,030,040,023,008,058,045
021,024,026,053,039,055,006,058,042,038,022,055
046,013,038,016,054,059,031,004,010,032,024,005
040,012,027,015,014,016,042,044,021,053,031,048
019,044,045,039,017,045,047,045,050,046,034,053
035,039,019,002,030,057,044,024,032,041,029,047
060,008,054,045,056,040,046,048,038,051,038,021
022,048,002,055,029,044,054,013,020,034,028,022
009,019,050,048,035,041,011,039,003,038,006,001
015,056,002,028,057,015,036,027,029,033,058,019
019,011,021,008,025,024,012,024,037,051,039,004
016,031,054,040,056,005,009,027,023,006,022,054
018,047,012,026,041,043,056,033,003,007,044,056
009,037,023,013,039,047,047,024,028,045,006,053
057,050,007,024,029,030,056,008,011,030,029,008
013,021,016,021,033,028,051,047,014,040,014,012
009,060,026,058,018,001,031,006,051,023,016,059
012,011,019,039,002,039,017,048,033,043,038,032
044,022,003,001,043,038,012,030,042,012,034,003
032,021,043,022,016,046,056,004,030,016,035,055
034,059,008,024,052,024,029,058,038,004,016,013
011,038,005,043,004,051,020,027,052,008,059,009
023,030,033,019,031,001,037,002,010,047,055,017
022,004,003,044,014,022,013,053,038,052,035,059
057,011,014,059,004,007,011,054,041,008,021,060
023,042,033,052,049,003,048,004,034,036,040,019
052,046,054,027,054,004,051,033,038,040,011,022
017,004,025,050,034,031,001,027,005,030,007,056
043,048,042,043,057,047,014,034,006,028,037,036
060,036,047,032,058,040,030,041,022,047,031,026
015,032,013,025,039,031,012,054,007,055,055,053
002,016,023,004,045,050,032,042,050,002,007,015
035,006,042,037,010,044,019,014,004,044,004,016
030,020,017,050,052,023,005,006,045,023,028,025
007,042,014,033,034,008,031,009,022,039,033,058
053,014,034,052,031,040,019,023,030,009,038,024
029,031,007,054,021,037,013,056,010,034,036,051
006,022,001,047,040,052,034,044,049,007,027,053
002,012,010,054,056,012,036,028,016,029,059,011
015,001,040,060,042,020,002,020,002,009,031,049
039,025,026,021,051,019,029,056,027,045,055,005
044,006,053,035,010,012,003,019,059,056,009,032
049,055,054,052,029,050,004,006,010,035,037,030
033,042,018,032,052,039,055,003,053,025,042,001
046,039,003,009,003,005,026,027,007,008,050,039
035,058,008,033,031,036,041,025,004,034,052,047
022,003,013,058,001,012,010,009,011,055,019,060
034,041,039,038,026,017,047,038,028,052,059,049
025,033,046,044,020,032,010,017,009,040,060,014
053,054,039,010,013,007,043,025,031,058,008,054
023,025,041,023,023,046,054,056,002,035,022,025
031,041,013,039,010,025,020,049,048,025,016,011
026,039,037,050,038,005,027,014,051,011,014,051
019,059,024,059,052,048,002,038,013,047,033,047
044,020,016,058,008,055,034,018,041,028,040,034
026,023,027,043,046,042,030,028,019,053,048,030
060,027,042,015,012,041,052,056,013,017,038,015
