021,045,028,029,043,046,042,012,008,060,022,045
007,002,004,056,005,018,037,036,002,001,051,025
056,036,027,009,024,001,014,048,015,045,013,019
016,022,023,052,037,017,018,023,046,029,051,020
052,018,044,050,026,014,015,043,037,059,022,035
059,042,007,017,029,027,048,023,011,015,024,046
043,021,011,006,059,050,032,001,005,056,008,030
057,035,038,022,009,040,019,027,024,032,042,019
014,034,018,051,025,049,020,024,048,033,015,060
032,009,012,052,040,020,019,051,044,039,013,037
051,048,039,017,010,005,024,050,018,032,038,006
004,026,031,041,042,008,012,055,017,016,056,033
046,054,042,017,029,055,023,043,028,014,035,004
026,052,059,016,006,046,051,015,003,017,020,027
039,045,055,048,045,023,022,040,052,056,018,004
002,029,032,003,040,010,013,030,002,055,040,023
054,020,017,012,024,030,008,050,036,027,047,005
021,014,016,003,034,001,046,022,051,031,038,054
057,052,036,041,010,017,052,006,018,033,019,030
049,043,016,007,045,028,046,014,030,012,051,037
050,029,045,012,020,016,060,029,020,018,011,045
014,016,039,018,046,034,008,007,036,059,039,033
018,006,021,025,049,027,037,032,029,026,043,004
001,020,004,034,021,056,049,030,018,010,036,024
005,055,054,012,031,009,002,011,007,039,027,010
007,059,021,002,039,019,008,040,022,036,056,008
056,037,003,040,009,017,051,052,030,058,025,045
059,014,021,018,014,013,023,008,029,021,008,021
047,029,059,002,007,027,056,031,023,020,053,046
015,056,044,032,016,006,058,040,033,043,054,040
034,045,005,041,029,049,056,059,037,041,013,057
019,007,022,018,023,012,038,009,024,002,014,058
014,054,035,040,046,003,033,030,041,020,040,024
052,020,021,060,052,014,036,020,049,048,055,058
002,053,024,055,041,060,054,011,003,007,001,018
037,022,001,003,011,017,048,027,042,006,048,011
005,040,041,013,009,020,012,013,007,056,045,003
028,008,009,029,015,021,025,059,001,004,048,057
060,035,013,049,016,010,017,008,005,048,031,028
017,034,004,033,025,017,038,003,042,056,023,026
002,014,007,055,007,009,002,004,040,007,031,015
058,005,013,060,033,027,029,023,026,024,013,039
056,011,017,001,043,040,046,027,025,034,048,032
039,014,054,037,060,023,035,038,026,049,052,036
022,013,060,057,004,049,025,027,009,039,056,006
028,059,038,020,023,057,060,058,006,014,052,040
032,052,016,034,005,036,035,001,038,046,009,034
007,050,032,011,010,033,053,037,011,035,053,047
020,055,028,043,043,026,014,045,056,058,015,022
007,014,035,008,046,040,031,034,057,026,010,030
026,055,037,039,006,036,020,044,033,003,032,045
038,044,042,001,023,051,041,047,043,006,006,012
060,026,030,059,019,047,048,045,017,046,035,047
008,012,009,057,001,012,052,030,045,036,050,037
037,016,054,056,040,056,001,059,001,027,051,006
048,044,038,016,026,047,005,049,034,019,027,028
047,054,009,028,060,016,035,039,013,009,007,048
057,032,056,046,018,007,027,031,037,040,047,043
010,007,030,044,031,022,014,011,021,046,011,033
026,009,017,019,060,052,022,055,039,049,020,048
018,057,051,030,023,010,056,050,027,042,059,058
017,033,021,048,038,011,009,051,018,025,040,021
024,019,032,015,057,004,037,003,020,050,001,038
057,045,016,023,005,015,059,038,043,014,005,006
013,052,030,042,041,034,014,024,016,002,011,041
030,025,037,060,056,032,008,057,055,033,051,024
059,057,014,022,052,016,040,048,056,044,025,023
035,052,004,011,005,022,058,013,058,054,013,029
018,059,053,038,002,012,052,027,017,032,050,005
049,060,035,058,044,021,009,005,022,011,017,029
030,043,002,010,037,057,010,047,052,045,033,059
008,020,011,057,060,055,021,055,028,037,003,022
021,024,051,047,043,024,033,050,044,027,044,046
033,052,055,013,044,011,017,059,060,053,005,026
026,044,050,026,049,031,009,008,037,049,017,050
025,056,030,060,022,012,010,026,002,042,051,044
018,050,045,024,016,013,054,036,023,030,040,015
058,046,011,010,006,058,003,049,005,016,060,054
013,050,045,041,025,031,029,057,002,027,048,050
020,032,060,032,008,043,030,041,037,021,024,017
055,037,044,010,036,038,043,036,005,031,022,041
012,036,016,018,057,042,004,027,043,038,033,058
022,052,008,003,027,034,028,032,020,005,036,057
043,025,015,052,012,010,060,036,022,058,007,049
057,041,035,051,030,018,042,028,028,024,045,017
019,048,026,011,041,024,048,058,023,034,016,041
040,038,017,051,039,030,052,046,035,026,036,003
053,031,047,011,049,023,026,016,027,054,043,050
002,051,048,042,031,014,023,011,004,007,048,009
016,029,001,005,015,034,015,046,042,036,006,015
012,043,020,022,048,028,010,055,003,015,041,003
052,003,023,032,047,008,012,060,025,004,030,002
002,031,013,059,004,005,014,020,009,002,025,006
010,032,047,017,021,012,043,029,043,051,057,056
059,052,048,046,042,009,022,006,013,017,025,020
041,010,005,030,046,013,004,045,054,029,017,018
046,001,002,052,048,041,053,043,033,045,044,035
026,015,035,017,019,046,050,030,029,032,046,010
016,004,044,049,055,017,005,037,016,043,045,013
023,042,039,026,035,032,047,038,050,027,030,055
032,034,042,060,042,013,017,021,003,021,019,049
013,020,020,017,005,017,007,034,050,041,005,060
053,051,007,044,007,035,051,045,033,016,047,039
004,044,025,050,018,019,030,020,039,041,051,029
019,060,030,017,033,013,027,060,057,012,059,039
040,001,031,012,055,045,036,050,017,015,019,058
046,059,024,034,016,001,059,006,023,004,044,060
018,029,040,041,049,021,039,034,031,017,032,014
043,027,035,016,006,013,045,058,033,023,058,036
058,011,037,009,028,054,008,014,039,054,049,009
046,041,042,051,026,013,057,005,009,047,060,051
031,043,030,054,059,022,053,017,022,044,010,059
034,051,023,058,013,034,029,048,052,009,034,021
008,053,002,022,051,022,015,036,012,024,031,018
023,047,035,003,040,042,009,001,007,052,034,043
007,054,033,022,019,043,051,032,039,036,053,045
010,035,056,029,031,035,021,007,050,012,021,011
009,022,028,019,028,011,053,005,056,049,004,058
060,059,050,032,050,051,057,001,011,016,057,034
044,023,021,033,013,008,026,038,037,012,022,053
033,034,039,005,048,037,040,012,024,047,033,031
047,032,011,043,036,044,003,005,039,040,008,045
034,005,041,025,001,008,015,038,045,010,058,029
024,057,056,016,005,027,057,006,046,023,045,059
029,045,050,047,056,023,056,018,053,004,015,024
022,023,046,049,042,022,044,047,034,008,031,006
030,034,056,038,016,030,018,045,035,042,058,028
052,021,041,026,012,058,005,033,012,003,060,001
025,040,015,014,019,059,054,003,032,058,052,010
047,007,028,036,015,016,023,038,015,054,051,014
054,051,005,059,056,026,056,002,029,010,023,054
018,047,044,019,048,034,022,010,041,033,052,031
024,054,024,023,035,024,040,032,006,002,036,046
015,007,057,038,020,060,053,009,042,020,007,024
001,045,046,037,033,042,005,043,050,001,009,041
015,008,026,007,007,060,010,015,012,051,015,042
029,038,015,027,042,037,026,017,052,039,009,030
046,035,038,049,011,052,011,039,016,046,018,041
057,022,039,025,059,034,012,044,041,027,044,029
020,053,056,053,043,002,034,052,055,023,027,030
037,025,032,008,024,056,040,033,020,059,058,020
028,051,046,020,033,053,041,042,017,054,035,027
031,004,057,007,014,029,048,035,005,002,001,006
048,002,024,060,057,058,024,053,046,033,034,040
011,053,013,011,012,032,009,035,010,034,037,024
023,041,059,029,018,011,002,058,053,012,010,058
014,012,028,005,055,044,049,050,058,007,020,056
020,015,041,004,053,030,006,045,012,056,007,012
050,003,028,047,050,035,040,053,049,051,017,014
014,009,016,032,005,013,057,010,042,038,060,025
006,039,052,054,039,051,025,053,037,034,004,050
050,031,034,044,034,028,021,022,027,003,002,013
060,040,013,031,014,047,002,008,021,032,021,005
027,016,055,038,017,002,015,053,006,049,025,026
013,043,054,041,025,009,057,028,055,050,027,023
030,006,011,027,038,019,020,006,048,030,050,057
033,019,033,032,013,003,060,046,031,054,021,058
026,037,046,011,037,038,047,022,045,009,043,044
018,028,015,012,001,054,031,021,060,047,022,017
039,024,039,050,055,025,036,047,049,059,058,052
032,005,001,028,044,008,003,039,018,042,042,024
035,041,004,029,009,010,054,019,026,027,058,026
003,048,003,059,003,018,044,015,018,015,057,027
025,016,033,002,015,039,049,058,040,031,058,031
040,057,023,009,013,018,018,009,015,035,032,004
055,034,047,042,055,059,008,033,054,057,053,006
036,014,055,053,004,051,007,042,030,015,024,044
058,008,047,052,018,049,050,023,046,025,023,028
006,017,004,012,048,013,031,045,048,052,020,047
042,049,042,010,039,021,037,020,028,002,048,056
022,025,003,002,031,046,045,005,016,008,035,030
044,058,026,048,013,021,030,040,042,046,053,019
039,060,044,001,010,004,021,009,007,053,028,038
013,038,028,060,002,049,002,040,057,030,021,010
029,052,038,010,001,011,033,060,055,052,026,018
012,016,040,017,043,017,024,038,005,042,059,023
018,008,039,010,028,030,036,002,044,003,035,021
007,031,017,048,044,031,018,034,052,001,010,013
035,037,041,028,049,047,023,053,010,028,037,052
039,004,021,054,026,008,006,032,060,017,011,055
015,050,009,046,044,018,048,038,020,043,044,033
054,013,028,022,001,036,011,019,016,019,015,048
012,028,005,051,013,051,028,035,007,011,012,035
032,022,055,006,053,026,019,015,004,052,055,003
016,050,002,057,027,008,031,010,025,047,059,027
001,033,041,029,037,004,037,006,051,059,020,034
002,026,048,004,029,001,003,053,031,036,059,008
007,023,035,056,052,028,034,047,007,030,044,005
054,035,008,037,055,031,033,038,040,045,025,035
022,026,012,033,007,033,047,015,037,011,024,003
020,011,014,044,035,013,058,037,040,026,026,054
021,016,057,055,011,003,057,019,049,035,049,052
035,053,051,008,035,005,007,022,026,001,039,038
010,048,049,053,010,037,009,012,006,027,015,023
054,055,044,025,009,006,036,030,041,052,027,045
011,059,031,039,025,029,032,026,047,001,020,057
044,040,019,035,038,052,056,041,048,054,028,003
014,033,056,027,006,048,004,013,039,016,007,006
027,053,043,045,034,050,018,040,032,002,042,034
025,015,005,029,036,033,058,039,022,056,028,021
002,054,007,037,011,009,010,024,038,032,024,016
018,014,026,003,016,044,045,044,050,053,031,001
030,004,032,019,013,015,053,057,059,012,039,023
051,001,009,060,001,056,050,019,016,009,021,041
036,025,043,059,010,020,024,058,041,055,052,044
002,039,019,025,055,001,006,029,040,029,031,059
046,055,034,054,022,060,034,003,057,046,028,016
036,032,056,051,041,014,055,032,039,008,038,045
054,025,004,019,036,023,046,008,053,001,010,051
035,023,002,050,035,045,015,029,012,026,030,022
050,038,055,008,002,047,027,014,038,004,012,005
053,058,009,015,024,052,031,038,042,058,037,014
023,021,042,025,034,026,001,015,002,025,055,056
042,011,018,002,007,032,009,055,056,003,027,039
023,031,044,017,001,037,007,001,024,025,019,029
054,016,032,049,035,006,024,005,047,030,040,004
053,041,050,040,023,001,045,026,021,020,043,042
049,054,003,057,028,020,009,043,003,019,055,019
060,034,053,034,038,030,012,019,016,047,006,034
038,002,048,043,001,022,008,052,017,027,055,028
051,041,012,041,044,028,007,036,004,003,025,032
060,003,015,049,005,011,012,039,021,059,047,037
006,028,047,056,013,036,006,044,051,058,056,028
060,043,028,046,004,028,015,002,040,027,016,049
020,012,004,020,008,038,041,006,008,031,033,009
059,044,036,021,002,019,060,048,026,051,027,013
033,057,051,057,010,003,035,018,004,055,039,042
019,026,031,020,032,027,043,041,015,041,060,014
011,030,002,023,056,010,014,004,005,046,051,046
054,059,036,016,008,049,028,017,002,041,026,020
031,029,052,017,059,053,037,033,040,019,022,027
053,016,055,047,028,040,055,036,010,001,006,054
030,001,003,006,017,058,032,046,035,036,023,017
007,041,038,021,033,029,058,027,032,013,003,030
026,031,019,036,039,032,036,018,047,046,054,022
029,007,025,013,043,056,028,013,058,015,041,001
060,018,047,033,014,023,032,043,026,036,039,028
019,008,003,025,022,050,004,006,033,020,005,007
053,021,053,032,011,029,015,057,030,021,059,041
058,043,014,057,044,013,010,008,037,043,008,029
016,055,028,053,039,022,003,020,031,019,024,018
004,042,059,026,026,028,019,014,014,038,057,047
006,023,049,034,056,060,053,052,056,017,013,023
046,012,048,001,014,025,043,003,043,039,018,027
060,011,009,044,033,049,053,044,060,050,051,040
001,049,027,021,050,009,011,031,055,027,013,001
052,005,045,020,021,057,025,033,033,028,045,019
025,007,003,042,036,017,026,030,043,054,047,048
008,005,014,001,019,056,053,039,016,048,035,034
003,029,040,055,007,038,056,014,012,025,047,004
050,021,008,025,042,050,019,041,014,042,058,025
007,020,058,003,020,002,039,029,016,031,042,031
038,012,009,036,048,012,056,045,055,051,054,032
021,051,040,049,047,031,029,036,014,035,024,059
010,014,004,009,016,040,060,045,021,006,050,014
006,050,058,041,020,039,016,058,054,044,043,055
055,014,009,003,034,002,047,006,013,040,014,030
006,024,050,054,003,014,036,004,027,012,018,038
019,023,003,031,037,019,011,040,054,009,019,006
042,044,001,043,059,015,047,027,033,024,038,060
015,037,027,051,058,034,030,046,010,036,021,042
046,039,025,001,033,026,041,008,004,021,029,035
057,044,049,041,043,022,049,055,033,054,024,004
050,052,045,047,025,052,021,019,043,052,053,042
031,024,030,031,056,039,049,028,032,059,024,009
005,038,014,053,018,048,035,055,009,056,054,018
042,016,017,057,012,029,030,029,024,011,022,048
004,060,032,030,008,048,041,032,005,023,008,004
011,050,025,028,038,041,003,051,024,049,042,045
060,010,021,047,049,011,035,043,042,026,013,024
059,048,055,039,034,029,002,045,051,016,014,040
050,046,015,033,018,037,034,022,004,022,056,013
007,028,017,004,042,029,058,001,018,053,034,012
017,038,052,042,055,018,008,006,017,041,001,021
005,019,012,018,057,016,019,010,057,049,018,043
006,040,035,033,007,046,020,035,045,050,001,039
004,059,034,011,031,037,026,021,009,058,059,040
038,058,019,052,053,036,036,048,042,055,017,049
040,036,010,006,007,045,054,008,029,053,034,036
008,024,007,013,048,024,038,025,002,046,037,002
004,046,008,011,054,045,027,024,019,020,058,018
030,045,015,028,042,032,045,016,053,054,034,056
038,034,022,049,048,025,030,037,046,018,053,013
006,033,054,004,031,057,009,019,002,060,043,010
029,024,025,010,027,038,055,015,010,054,044,002
003,047,013,047,045,049,057,025,036,011,059,035
037,044,008,036,051,038,049,012,012,047,036,051
011,025,026,006,037,029,022,024,025,005,058,050
031,060,045,046,057,039,037,045,060,006,059,047
049,014,001,019,010,049,050,028,051,011,019,022
004,015,011,012,002,035,053,048,047,058,037,023
023,003,051,007,009,059,051,033,022,008,056,030
039,048,044,041,053,010,054,042,005,054,049,020
040,047,020,029,031,032,005,014,046,026,022,029
048,031,010,050,007,043,027,037,057,043,049,036
