017,020,051,050,019,018,049,020,050,001,031,013
024,046,054,015,035,049,015,006,033,049,015,010
038,015,010,022,051,055,029,046,053,025,054,012
043,048,049,052,049,002,044,019,054,018,027,001
037,039,024,035,015,017,003,038,048,007,045,055
004,051,003,012,029,011,009,020,020,057,013,060
011,007,026,058,041,027,003,053,035,011,023,033
015,025,018,035,020,024,001,024,040,033,040,050
040,003,041,042,046,057,032,026,021,054,003,034
057,025,047,009,053,036,022,009,008,020,004,045
030,022,050,049,056,060,026,039,037,023,030,040
041,010,048,017,019,052,028,054,031,008,025,017
052,037,050,014,044,051,010,006,004,036,013,037
029,033,009,052,045,005,024,050,051,046,053,029
019,012,005,044,011,004,019,034,040,008,003,020
045,016,050,060,060,021,051,053,056,037,026,028
047,007,003,027,011,042,012,016,029,035,046,002
049,030,002,038,039,054,031,029,038,024,011,026
018,043,018,036,049,021,001,052,039,030,001,036
003,059,039,016,010,027,014,011,012,008,024,006
046,008,052,013,041,043,045,012,025,034,005,037
027,043,007,058,001,016,058,036,003,013,009,041
042,038,027,054,039,060,051,025,053,010,051,059
033,007,015,024,019,057,060,053,041,033,028,039
009,018,019,041,055,003,005,042,031,002,011,047
023,002,011,018,027,031,024,053,015,012,023,030
057,013,036,045,034,059,008,023,036,022,003,041
004,038,053,022,037,010,059,060,023,032,044,025
008,045,055,056,044,035,049,044,045,054,027,029
050,054,025,060,036,007,055,013,034,024,017,040
006,001,059,001,006,050,009,050,025,059,004,057
004,012,029,057,047,051,054,011,029,010,046,037
002,048,004,020,048,039,019,002,042,048,036,043
015,052,007,031,010,017,038,033,031,022,049,028
023,014,042,015,043,028,041,031,026,059,002,035
018,034,035,010,008,048,029,058,011,015,005,015
044,059,019,040,057,050,051,031,013,022,059,019
057,045,029,043,017,027,050,047,033,024,045,056
005,038,003,018,007,055,015,035,017,054,048,019
016,043,047,031,047,036,041,054,016,021,031,025
029,050,043,025,032,057,044,057,013,011,012,030
006,048,019,006,058,024,006,058,047,059,024,059
038,031,013,030,045,042,046,040,017,024,014,026
024,047,033,051,015,020,018,023,058,023,047,023
032,006,044,036,035,046,047,040,029,016,014,013
015,016,030,019,045,049,060,058,010,020,010,049
056,044,046,033,038,035,028,019,037,047,054,060
050,039,019,038,009,016,007,039,044,040,046,043
009,049,051,029,004,034,038,044,007,037,005,023
042,050,048,015,012,022,027,030,028,004,024,021
044,001,047,049,035,039,001,035,024,045,048,035
031,045,044,053,058,042,024,002,028,020,009,043
002,037,058,032,057,036,026,035,043,058,031,018
015,036,024,010,060,003,050,032,054,002,058,012
055,049,048,056,030,021,042,046,023,011,041,050
017,053,035,007,034,032,017,036,012,050,029,056
001,032,048,030,048,055,027,038,059,033,046,055
006,027,001,004,026,047,051,022,050,043,036,026
038,054,016,006,019,031,052,028,010,018,004,035
042,034,013,051,036,037,038,045,013,025,012,001
007,052,037,038,049,041,032,033,039,053,037,029
021,013,025,019,052,010,034,009,021,014,055,017
006,031,016,058,006,028,011,031,022,046,038,050
014,029,030,006,026,013,012,044,016,014,015,039
038,021,007,026,010,036,041,045,052,017,037,059
044,043,030,053,016,011,025,037,024,042,018,015
029,028,058,055,010,048,029,018,049,046,020,030
058,009,008,051,028,008,003,049,002,042,034,043
006,046,040,013,032,042,055,037,041,008,047,028
036,019,007,042,034,052,007,044,049,040,046,007
035,034,043,011,002,021,042,060,027,055,013,023
006,004,014,030,034,015,046,052,025,009,006,055
056,041,031,050,001,028,056,036,004,016,030,011
034,039,048,046,043,021,027,045,009,046,006,021
054,049,018,060,053,057,056,049,017,037,020,044
015,004,041,002,002,036,010,038,020,036,039,017
030,042,020,005,044,023,022,003,042,016,033,037
027,035,025,041,002,010,010,011,037,053,053,050
013,034,050,003,036,009,033,050,014,018,029,007
049,016,033,025,031,048,025,016,013,001,023,016
051,014,043,023,014,040,001,014,007,045,032,011
056,004,028,058,022,048,036,006,053,001,053,055
007,009,052,012,006,060,010,059,013,058,030,024
019,026,022,045,011,041,054,013,042,001,005,041
021,047,038,029,054,044,056,033,032,059,012,059
053,054,052,047,013,033,053,040,036,052,005,006
005,031,042,039,014,020,055,002,035,025,050,026
032,029,021,056,040,055,048,027,001,010,028,040
054,020,025,030,038,048,033,009,028,045,049,032
005,010,051,042,029,042,019,004,034,057,016,059
046,041,050,037,059,021,002,059,006,003,018,022
034,030,043,013,048,001,038,053,017,043,035,055
043,060,024,052,053,012,020,018,009,004,048,053
049,034,017,022,060,005,033,034,035,056,054,025
058,031,002,034,050,036,053,049,006,007,041,034
055,050,024,043,053,008,001,002,045,039,050,008
001,047,033,015,032,016,023,056,032,007,056,014
018,044,044,034,026,012,026,020,038,011,019,015
011,045,012,056,023,024,052,002,006,056,027,057
051,027,048,009,033,060,031,017,027,025,024,018
040,041,060,032,057,026,030,008,007,001,045,006
055,011,059,018,030,050,041,024,022,027,047,048
016,037,044,041,013,046,006,014,036,012,015,008
050,004,049,008,020,012,028,060,010,055,045,060
043,040,026,001,017,035,036,054,060,004,023,025
031,039,055,031,018,016,040,031,039,055,035,014
004,037,052,030,020,032,001,003,026,053,033,057
021,031,047,019,042,049,055,009,054,056,015,028
027,016,001,058,019,003,026,044,005,032,023,042
047,038,008,054,048,034,007,002,058,008,006,011
051,024,048,012,033,004,038,030,030,043,007,050
021,025,021,001,016,050,054,048,038,025,006,034
009,056,015,037,049,018,037,009,007,056,059,031
005,039,029,026,031,042,036,033,012,028,048,050
059,040,050,002,023,007,009,039,006,037,042,047
023,017,051,020,012,033,007,051,039,059,005,051
052,033,057,005,009,028,024,048,034,060,010,042
027,042,026,041,051,012,021,008,040,005,047,004
037,054,024,056,034,014,004,031,038,043,034,056
003,039,038,039,024,031,028,002,012,035,041,052
014,041,057,042,039,001,040,021,009,008,021,023
047,044,020,029,010,019,060,009,039,041,039,033
023,006,024,057,055,012,007,012,042,020,014,042
027,011,056,032,011,060,020,006,025,058,034,017
008,017,010,054,002,051,005,021,060,029,009,030
002,013,006,049,056,010,049,013,030,055,014,058
037,032,036,027,039,014,008,016,039,056,017,047
022,041,011,046,055,025,022,049,019,021,041,021
030,017,012,017,057,049,045,014,027,026,008,037
059,013,054,001,007,025,042,040,005,012,045,023
054,009,056,040,041,053,025,014,009,003,021,029
056,025,043,010,014,060,052,043,018,030,031,026
027,040,045,013,005,043,028,024,003,031,009,012
002,014,029,019,011,008,022,054,029,023,020,043
044,029,009,011,025,045,017,046,017,009,017,059
040,022,047,053,018,008,028,042,019,033,002,030
037,014,012,027,016,002,032,021,002,058,019,046
009,002,016,041,040,011,015,058,013,044,004,014
054,031,052,023,039,024,006,051,032,054,031,044
051,035,040,058,056,019,019,013,060,002,001,008
040,025,002,047,033,054,039,049,049,058,042,009
022,060,056,016,004,059,007,024,039,020,018,040
006,039,039,011,051,048,036,059,060,055,005,058
020,019,007,030,037,035,012,032,020,002,023,059
029,001,053,056,029,006,043,006,057,009,042,033
043,045,030,016,007,060,012,014,051,028,034,038
038,006,024,009,004,058,058,033,060,015,017,028
022,032,040,037,012,043,055,034,028,018,053,027
046,004,004,026,015,050,049,036,010,016,044,004
014,043,050,020,048,058,017,029,003,004,027,002
055,015,027,044,026,024,035,006,036,039,050,034
048,023,050,022,005,014,014,057,029,049,005,018
054,007,028,025,059,053,035,030,047,012,043,033
002,011,033,017,030,001,048,049,024,029,013,016
032,018,007,049,017,026,036,005,027,020,054,042
058,019,020,033,003,015,043,057,032,014,021,052
034,046,041,057,033,001,028,023,008,006,038,056
020,016,004,022,027,019,049,031,005,033,055,036
030,004,028,005,014,038,014,022,025,052,015,031
047,043,035,021,055,059,054,043,015,009,046,050
026,054,054,005,043,008,011,001,003,032,035,054
031,036,020,001,032,019,042,026,031,053,006,002
019,053,031,023,053,034,020,025,029,048,054,003
039,008,022,026,013,028,040,036,001,049,052,011
047,006,007,014,008,042,031,034,039,013,005,059
010,008,022,024,053,002,024,054,051,043,021,044
057,060,037,030,055,041,004,010,002,012,051,032
033,048,026,052,001,060,036,041,036,051,022,006
023,053,035,040,015,030,020,013,048,025,035,013
057,056,024,014,005,050,045,047,018,017,057,031
032,045,009,013,055,026,021,007,040,009,060,010
060,052,007,057,053,015,042,035,043,055,030,046
054,055,003,046,054,040,020,048,004,024,032,031
009,059,032,039,017,021,054,030,058,020,040,020
057,030,002,025,057,028,046,027,048,036,048,045
019,014,041,028,017,019,028,053,056,018,019,049
026,018,013,032,043,056,060,041,037,034,033,021
051,037,030,005,051,041,058,010,052,022,027,013
016,017,024,011,047,008,011,049,050,028,029,030
047,022,048,004,054,029,037,024,056,005,059,035
027,024,031,014,031,046,018,041,059,008,025,008
021,055,059,041,044,024,002,056,057,006,058,059
034,012,020,007,016,026,023,039,042,003,019,005
029,045,005,024,023,020,035,019,056,052,059,030
038,040,027,033,058,052,042,044,024,008,012,013
010,012,021,020,014,059,024,025,032,002,038,051
044,058,003,007,022,015,027,018,020,037,056,031
057,016,001,031,047,005,052,031,026,043,059,027
030,033,050,059,010,032,012,011,059,042,017,004
057,052,030,003,044,060,047,032,003,044,020,056
003,047,053,014,023,001,045,017,043,039,035,047
053,058,035,033,035,050,048,059,011,037,018,013
027,014,032,052,052,020,045,021,057,018,012,025
039,019,028,044,009,010,016,036,056,001,047,057
053,020,042,018,038,052,004,054,013,050,046,012
002,043,003,043,035,008,022,035,016,033,018,051
005,027,021,027,017,014,029,013,034,001,041,001
035,060,015,040,012,060,005,049,044,009,058,011
003,036,018,052,035,020,046,039,041,058,022,044
023,055,020,047,057,003,022,056,028,031,002,008
028,056,052,035,026,025,045,035,012,040,028,022
045,052,022,011,013,048,008,033,048,021,052,054
036,042,051,023,055,019,047,027,020,059,055,033
026,003,010,045,046,028,029,025,045,015,004,039
007,040,022,059,037,027,054,014,037,028,040,060
039,010,008,052,028,048,051,016,030,045,018,039
015,021,017,038,049,037,025,046,022,019,057,001
055,052,046,053,039,029,016,024,029,034,056,003
005,035,059,015,055,016,028,059,032,048,035,053
016,047,047,034,047,041,020,041,017,006,041,048
058,018,015,023,001,005,047,039,019,016,046,001
016,034,005,003,004,042,004,049,012,039,018,053
015,057,030,032,007,034,035,058,029,022,028,055
052,053,052,006,038,032,037,057,051,001,054,006
049,043,040,024,044,010,006,013,011,020,050,018
010,040,036,023,017,007,060,017,017,003,039,052
041,006,032,035,048,044,051,058,053,043,008,013
039,057,051,019,041,017,056,008,004,002,041,015
004,041,026,045,058,046,044,055,027,034,022,016
060,020,004,005,032,041,045,037,016,038,051,026
044,045,007,018,058,039,050,056,059,045,040,032
005,016,005,046,003,045,009,005,021,057,023,019
009,023,015,002,025,018,029,036,027,056,053,006
007,010,049,012,004,029,016,060,045,020,050,052
017,013,028,033,003,048,044,008,047,013,042,053
049,027,041,035,006,033,042,025,025,050,050,058
018,046,014,044,008,055,007,059,007,038,030,051
036,013,002,022,058,030,040,039,059,046,013,024
054,016,043,037,047,010,013,010,031,060,045,040
029,008,036,034,042,056,008,032,014,028,047,030
010,014,053,011,025,049,003,025,032,046,011,017
022,057,018,021,059,043,022,034,049,017,015,026
025,001,056,013,004,021,043,001,052,042,025,010
049,038,055,022,007,043,003,051,037,003,002,057
014,052,003,021,049,060,021,034,058,021,051,021
026,033,015,001,058,057,023,003,040,023,054,046
060,037,046,036,043,022,033,014,014,008,058,038
055,018,039,044,014,015,006,012,045,050,047,055
011,003,057,040,051,039,007,027,021,011,008,022
037,019,001,022,033,053,011,034,016,048,015,051
023,060,011,036,019,007,009,035,034,054,037,018
040,048,010,050,033,047,007,015,013,053,046,016
002,044,036,060,024,036,009,006,011,057,026,002
042,021,007,053,003,014,057,023,020,031,015,027
028,035,055,014,005,052,024,060,019,054,044,037
013,041,025,006,016,031,030,010,032,043,045,033
055,020,021,039,027,009,007,005,004,007,049,023
040,051,018,001,003,002,023,054,051,056,005,011
028,027,046,021,060,047,032,044,059,052,038,046
024,055,031,012,010,023,008,060,014,048,032,027
033,011,036,021,050,019,041,023,020,038,001,017
028,021,031,009,001,037,015,044,037,012,026,005
035,031,012,042,004,043,052,004,016,007,004,040
010,021,029,047,053,005,046,045,014,009,008,057
057,059,022,042,038,059,051,034,054,047,027,004
009,038,057,035,024,012,019,011,011,025,051,045
054,057,026,009,040,029,026,049,029,002,007,041
047,025,035,036,057,038,042,006,009,051,058,045
003,058,021,026,030,056,051,057,034,010,015,032
046,023,016,044,002,017,053,016,043,019,056,017
032,009,014,046,011,048,005,017,048,005,003,029
051,060,055,004,036,025,055,042,018,047,016,035
005,025,015,029,038,041,017,032,008,026,021,009
038,013,048,018,027,039,034,020,029,009,001,040
060,030,053,032,055,038,031,043,023,026,019,009
058,047,026,060,059,054,033,022,048,057,004,018
011,044,038,001,028,010,024,049,007,028,052,044
033,002,058,017,013,007,040,034,046,047,022,005
005,034,032,036,031,030,051,052,055,057,026,006
057,017,004,053,005,008,005,029,059,011,003,052
010,051,049,014,029,055,056,059,005,055,031,037
007,008,008,003,008,004,010,046,059,006,032,055
033,010,039,002,021,037,030,041,058,034,028,016
052,048,046,015,005,002,037,042,028,030,037,041
032,004,038,012,004,025,005,013,059,029,022,023
012,057,022,039,054,051,060,027,033,003,058,054
046,026,027,008,015,047,035,043,031,010,018,033
042,017,015,013,032,024,028,038,023,027,022,020
019,008,023,050,020,046,058,027,032,025,045,019
015,049,038,018,002,040,041,029,006,044,038,036
026,056,043,015,023,035,024,003,051,011,028,032
028,034,004,013,026,048,026,034,022,021,017,051
019,024,018,006,050,044,046,060,026,040,056,015
044,033,037,048,001,009,058,022,056,011,025,022
010,003,039,025,008,038,031,033,012,023,010,057
002,018,026,037,026,030,052,029,053,045,045,018
037,022,040,016,047,014,049,059,040,052,022,038
045,009,050,011,008,036,012,018,036,014,026,010
036,028,003,028,046,044,002,045,053,009,027,050
052,027,050,017,042,043,038,060,045,034,019,001
026,038,040,006,055,001,044,030,003,035,056,046
051,049,013,042,023,004,021,053,030,036,023,034
023,038,058,056,056,047,007,022,019,042,016,052
021,050,041,012,037,058,017,044,008,034,019,060
045,001,016,003,060,048,011,028,021,012,029,012
