006,029,048,043,060,055,047,048,047,026,058,060
004,057,026,050,058,012,027,009,019,049,056,007
022,021,057,008,031,041,010,051,007,045,032,035
058,010,048,058,043,060,033,007,026,051,011,048
053,008,046,028,048,008,047,038,005,027,055,051
056,048,044,050,028,051,016,057,040,001,040,052
042,034,010,013,019,041,046,045,031,054,027,024
049,007,054,049,050,040,048,032,008,003,032,060
005,010,007,021,042,026,047,034,018,034,043,022
050,047,006,003,054,013,008,022,047,006,053,025
010,042,034,005,011,051,011,025,059,028,010,048
007,012,058,053,039,028,024,009,013,050,059,041
053,031,042,049,044,005,052,019,024,025,040,058
010,007,041,010,018,039,047,035,044,034,052,012
037,006,056,044,014,044,058,011,038,001,047,057
055,056,038,023,004,040,036,021,017,024,030,015
017,032,022,039,049,039,011,009,005,046,026,040
055,057,057,050,007,057,053,039,015,044,044,060
028,043,045,001,019,008,021,046,032,046,002,005
027,044,051,027,022,020,014,009,034,031,059,003
046,031,055,005,015,029,032,001,028,015,045,040
056,030,050,048,021,041,035,048,025,033,015,018
041,050,016,014,044,004,004,018,051,017,001,037
059,023,007,050,024,048,045,036,052,057,045,014
021,044,058,044,013,035,018,057,012,054,056,034
049,008,026,032,051,008,031,021,023,033,009,003
006,028,043,041,034,010,012,013,044,020,017,005
003,060,050,055,032,022,021,037,036,037,002,007
048,023,022,027,044,045,008,014,042,032,043,017
005,016,045,005,036,011,051,034,025,056,041,055
006,048,040,016,031,025,010,018,011,005,054,040
045,015,034,048,002,030,058,003,013,028,056,028
032,023,040,056,016,031,019,053,022,038,024,023
004,026,015,042,014,007,049,038,050,045,008,028
023,030,045,004,035,010,023,006,048,002,055,042
009,047,011,026,060,019,051,013,011,020,054,021
012,030,021,020,017,009,050,049,016,050,029,045
047,033,055,026,036,059,031,009,038,011,024,033
036,009,044,010,026,022,032,002,053,029,014,001
022,050,031,017,028,050,053,051,060,031,028,009
041,033,052,022,059,044,002,037,052,032,059,042
016,055,037,043,008,056,007,055,043,030,033,018
054,048,015,014,009,004,016,002,023,053,008,042
032,027,035,011,060,050,021,028,015,041,059,057
008,037,041,009,010,033,018,026,024,034,027,036
039,024,014,030,054,039,001,031,009,032,006,012
023,009,017,028,043,059,052,055,025,029,057,030
046,002,037,044,056,017,002,026,011,046,060,035
047,049,052,034,046,048,055,053,038,008,007,016
005,048,019,017,043,033,058,029,047,042,019,004
011,040,052,004,021,047,034,004,006,024,056,014
054,046,016,025,042,052,025,017,003,019,058,045
022,028,032,047,012,033,054,041,007,026,035,056
035,007,050,020,016,039,014,057,045,052,025,055
003,028,005,025,007,029,018,056,002,054,012,049
059,016,036,012,041,040,053,006,051,058,047,008
040,047,004,038,011,002,021,017,044,007,045,016
041,053,031,023,044,024,046,030,027,054,037,024
046,042,024,011,032,038,059,002,056,029,036,018
010,039,049,034,005,013,003,017,054,023,002,044
026,027,023,015,020,007,048,027,059,018,007,037
004,037,003,044,013,029,057,005,016,049,009,053
017,054,009,037,060,057,036,001,006,005,036,022
052,002,006,019,053,048,060,034,042,018,028,044
043,025,001,022,015,057,054,035,032,033,017,004
042,005,060,042,029,027,008,013,051,014,023,020
055,032,028,012,033,044,009,012,002,001,046,058
029,017,043,049,018,020,015,031,058,028,032,056
048,057,004,015,050,012,002,014,007,001,002,027
002,056,058,019,042,040,039,006,049,057,054,005
006,018,021,056,050,031,042,038,032,043,053,016
015,005,057,006,039,060,051,044,001,041,045,051
018,027,015,050,040,007,003,029,051,030,005,036
021,030,040,003,038,010,040,017,032,014,016,047
046,055,020,032,013,002,003,025,036,038,045,030
032,018,008,060,023,050,050,046,056,049,039,003
026,025,003,018,049,031,035,009,032,016,015,037
007,047,024,035,036,053,057,043,040,036,051,036
038,050,032,004,007,060,019,018,014,005,026,044
024,018,035,031,024,020,055,035,030,026,052,016
037,019,055,022,009,010,029,011,010,050,039,017
057,054,013,046,001,034,033,060,035,029,027,035
003,004,005,007,036,007,028,049,058,043,044,030
034,026,055,023,012,051,005,024,011,023,055,009
036,019,030,050,008,034,002,042,050,043,029,012
041,017,011,006,036,017,025,010,022,013,022,041
057,010,005,019,048,020,020,031,017,035,018,060
052,027,027,041,004,021,028,024,019,057,019,047
048,055,001,021,054,033,014,053,058,035,002,043
002,003,046,044,045,009,016,034,008,032,057,011
046,039,045,028,013,032,024,029,042,011,051,056
001,047,013,036,040,057,036,006,058,023,044,032
033,039,011,030,050,004,051,029,046,034,001,049
035,044,008,001,029,048,023,039,003,043,022,048
013,027,013,011,038,054,004,005,037,010,029,059
003,010,053,001,003,042,002,045,040,014,009,008
053,057,038,006,023,051,056,020,054,047,054,022
046,007,047,037,029,008,012,005,057,028,031,027
044,047,004,033,035,022,009,049,022,029,030,022
031,038,028,007,050,006,040,039,003,038,002,006
040,055,011,034,041,049,027,045,054,042,027,038
013,057,029,043,034,033,057,023,048,012,007,008
056,052,030,053,039,011,014,017,023,016,014,059
044,023,039,005,035,021,001,003,034,027,009,044
046,026,047,018,009,001,013,045,014,047,014,011
011,055,006,055,018,023,055,038,028,033,001,012
051,040,012,025,039,035,001,030,006,046,030,005
056,015,016,018,025,048,037,028,043,038,033,011
040,031,058,038,045,053,021,040,022,017,022,018
053,035,019,011,052,003,038,019,011,012,027,058
001,015,033,002,010,045,028,010,023,017,029,042
054,043,053,004,055,058,045,033,055,020,051,032
014,029,057,058,051,049,017,013,043,001,023,008
039,012,001,039,038,014,026,036,037,030,018,043
038,020,003,055,005,020,011,043,045,022,049,003
045,057,033,059,023,012,027,023,031,002,033,021
035,033,039,047,053,032,057,038,008,011,025,050
021,034,014,026,027,016,047,059,030,040,008,045
036,008,037,034,034,040,031,014,023,047,025,044
053,033,035,043,015,048,060,026,056,050,014,003
025,001,028,001,059,004,048,009,043,007,039,045
051,043,043,055,023,035,007,011,002,060,028,054
012,059,056,054,038,015,002,058,025,030,052,031
039,031,019,033,036,048,035,019,009,060,001,058
059,026,014,027,027,033,021,053,008,043,008,025
033,040,036,015,034,020,046,035,041,026,023,014
052,030,010,017,033,037,038,053,016,021,031,032
049,025,015,052,022,010,016,036,035,030,057,046
034,050,044,039,012,040,026,003,008,055,053,037
003,005,020,013,059,017,038,013,028,060,054,032
056,058,047,031,051,018,053,010,025,007,016,041
006,044,049,048,004,054,007,009,021,055,020,017
050,054,056,031,038,016,018,038,034,029,041,056
035,045,010,043,044,001,042,030,014,020,007,013
032,057,041,057,059,025,011,003,015,003,041,047
037,023,053,002,042,028,045,032,038,060,048,052
042,036,044,029,005,033,034,023,008,010,003,047
012,047,048,045,040,060,018,041,049,059,052,035
019,032,028,052,049,004,051,059,003,041,002,057
053,050,034,019,036,047,046,033,054,018,053,046
024,058,001,027,032,050,057,001,041,035,006,008
028,030,015,035,036,002,055,015,026,009,050,009
040,002,044,038,039,030,035,005,012,019,054,003
013,043,039,051,013,055,046,040,039,041,006,032
012,044,059,015,010,002,042,025,047,043,045,047
024,051,025,027,025,058,003,033,013,041,038,002
005,038,012,010,019,014,028,035,022,031,021,026
021,023,022,006,030,032,037,003,010,026,002,008
043,044,024,007,037,017,026,020,008,027,041,030
037,025,032,039,032,029,043,014,042,001,048,001
058,007,033,038,026,058,012,057,050,037,014,028
009,002,048,059,028,029,016,024,018,031,026,017
007,032,043,004,052,050,025,036,028,036,006,013
054,030,030,034,018,013,004,030,009,021,011,027
059,005,056,012,032,025,013,024,007,034,047,004
014,034,028,018,005,043,041,006,041,028,029,021
044,016,034,035,009,006,001,011,049,053,016,043
024,015,052,059,049,058,044,042,038,041,017,027
027,057,006,017,051,054,049,026,021,049,018,058
046,012,022,056,009,016,053,024,032,059,004,055
023,036,048,042,013,001,001,020,006,016,047,060
020,060,017,002,002,022,031,059,015,053,010,027
048,044,009,030,043,009,004,048,027,012,038,007
003,024,041,058,006,045,038,046,060,023,029,031
043,052,009,040,042,014,019,002,028,032,008,052
005,047,034,038,019,048,059,050,024,002,033,055
049,052,040,027,057,024,055,030,005,028,057,037
009,051,013,025,005,060,033,031,051,022,028,027
034,012,054,020,017,052,038,039,053,042,052,036
019,046,038,026,033,016,035,002,005,008,034,053
012,053,047,029,007,015,032,015,039,025,060,013
020,019,015,020,053,022,056,037,012,042,054,007
025,040,017,033,033,050,054,034,053,047,013,031
057,021,035,003,018,011,059,030,040,059,019,028
030,013,008,015,024,021,036,046,023,043,055,037
052,011,041,034,023,013,027,056,010,040,059,056
007,018,042,016,031,058,018,009,037,038,047,022
044,052,046,023,048,018,020,033,048,060,032,049
016,056,014,010,017,042,046,015,042,004,011,045
008,046,012,031,051,038,013,033,018,017,024,032
020,016,029,004,052,006,046,004,007,059,054,011
014,024,024,049,002,039,011,041,041,036,008,039
003,045,025,054,046,020,050,039,048,003,032,034
035,051,055,059,024,056,031,026,025,002,027,046
005,026,015,054,004,041,056,053,060,012,023,056
047,010,024,060,012,038,014,050,045,017,045,026
031,045,037,040,029,023,044,036,035,042,001,046
013,034,023,028,041,014,001,019,018,025,031,055
023,052,003,057,036,029,051,047,060,016,005,009
009,057,029,018,041,020,009,054,021,045,058,013
046,052,027,020,011,053,001,052,058,022,022,012
029,054,057,034,022,007,025,057,039,048,038,059
007,030,024,043,059,039,045,038,024,008,013,052
021,010,036,004,038,029,049,060,019,010,006,051
033,022,018,014,022,011,020,052,018,040,025,020
018,012,025,028,058,030,014,033,045,042,008,017
045,020,040,048,015,043,059,060,016,011,013,044
038,035,014,037,010,049,017,007,019,027,033,029
055,029,026,053,034,009,021,038,050,024,037,051
042,009,040,015,028,047,046,010,042,031,028,055
004,035,007,042,003,036,006,049,009,013,038,024
041,044,035,014,050,018,017,012,014,054,030,003
029,005,026,024,044,053,002,023,060,036,046,014
025,006,041,048,056,033,001,017,030,038,053,013
029,040,059,020,020,008,004,016,051,002,029,016
056,060,025,051,021,058,060,015,007,006,008,026
015,022,052,037,004,006,032,036,029,057,021,052
046,060,059,021,005,023,025,021,035,040,028,016
007,048,046,018,040,020,056,047,030,027,014,049
050,058,059,034,044,018,002,049,010,054,030,060
060,051,016,030,027,006,015,047,037,058,058,036
031,043,013,039,025,038,001,029,016,035,014,060
020,042,042,050,029,037,026,012,034,015,056,005
052,047,021,013,024,036,004,056,037,005,024,001
028,020,026,043,032,037,051,031,053,052,017,030
032,010,011,031,009,046,017,044,025,035,020,036
026,013,016,037,060,017,048,031,021,014,026,006
039,037,042,051,048,028,004,014,046,051,022,040
031,024,010,031,047,025,034,017,009,059,010,059
028,034,045,024,051,020,002,050,049,020,012,041
011,056,036,055,003,050,001,035,038,056,034,003
042,041,060,011,059,045,059,027,030,029,050,001
004,025,004,023,051,001,014,039,043,039,045,056
034,055,051,019,003,020,015,049,045,023,057,039
052,051,054,052,045,012,004,020,055,044,020,058
029,046,025,046,019,022,058,015,013,048,003,022
037,026,043,045,027,060,030,031,056,009,036,057
045,018,060,041,041,025,033,036,007,019,042,058
056,013,055,018,057,020,025,019,021,039,060,053
054,036,040,008,034,039,049,033,059,054,016,012
037,059,054,055,040,013,021,043,022,057,024,059
024,054,051,005,054,045,052,029,036,034,011,050
046,037,048,038,008,044,047,024,019,013,022,004
042,022,013,059,025,009,056,046,034,006,010,055
026,028,043,046,042,039,060,052,001,026,004,002
039,029,006,056,060,029,058,047,021,019,020,006
005,049,025,015,055,017,056,042,008,033,035,037
008,058,019,040,018,001,030,020,027,007,016,003
018,037,052,010,025,022,021,042,014,048,018,021
019,030,060,001,033,006,034,045,019,055,014,058
056,003,011,032,057,042,038,028,003,051,019,044
012,035,042,037,014,036,009,033,006,059,005,001
049,023,002,018,040,044,022,060,058,032,030,048
008,059,005,040,033,048,006,010,035,050,002,028
005,050,022,009,028,031,007,041,029,009,055,001
029,049,016,015,006,042,016,017,024,022,053,054
020,043,032,005,041,052,027,037,011,015,023,022
030,010,029,019,002,047,022,034,019,009,011,049
055,027,060,045,030,024,051,004,024,010,022,005
023,026,031,003,026,039,017,038,053,040,012,024
049,044,013,042,025,060,007,004,016,046,036,031
005,031,038,052,019,016,013,015,013,047,010,056
018,035,021,015,051,057,008,041,019,039,015,009
049,030,009,039,020,009,043,053,041,045,052,058
011,059,004,010,021,051,054,019,053,028,049,036
020,029,023,041,024,041,041,005,050,017,020,012
014,052,029,010,006,058,038,040,031,004,011,021
060,054,018,005,047,017,002,012,021,032,031,007
044,011,019,024,008,012,004,001,042,027,013,049
003,023,051,050,042,043,053,020,052,039,001,023
058,034,006,054,046,017,030,018,004,012,043,006
026,057,023,042,039,058,017,058,049,018,013,016
059,046,049,045,036,056,050,019,052,026,031,008
025,034,023,010,004,039,002,021,039,055,041,029
036,043,050,029,020,037,006,035,059,001,028,004
003,046,034,043,027,003,039,056,018,052,030,006
051,041,050,036,012,043,052,005,020,010,029,002
036,039,053,017,019,023,004,058,045,055,007,039
007,052,052,009,008,035,046,022,010,036,022,014
054,008,024,042,014,013,058,059,047,011,026,035
022,016,037,049,024,055,040,028,032,040,013,004
053,005,059,035,033,026,016,008,027,049,060,037
047,030,049,055,047,027,005,058,016,048,006,040
050,027,057,017,008,018,032,041,010,001,001,054
056,019,023,040,026,029,015,033,011,028,034,002
060,021,030,036,059,022,009,038,019,043,026,054
022,037,015,051,039,020,015,026,002,020,003,053
007,053,031,006,037,048,047,046,035,036,058,033
050,008,044,054,041,002,009,058,045,019,057,056
016,001,019,026,022,049,037,045,025,052,025,014
039,027,046,024,021,048,058,054,014,006,031,037
012,014,004,008,015,039,023,007,003,021,059,053
040,043,027,015,016,051,021,005,051,048,015,012
033,030,001,033,060,004,037,012,016,054,017,011
015,002,044,057,055,014,049,040,057,033,049,046
016,026,026,048,033,051,004,011,022,044,037,054
018,053,012,055,035,057,020,035,041,046,004,024
010,060,059,019,012,021,015,017,024,040,047,055
027,053,042,033,031,057,019,031,011,037,041,037
024,052,015,010,021,006,015,006,012,003,006,001
060,006,049,035,032,012,027,004,025,045,008,021
048,017,056,001,027,043,003,013,021,027,015,019
037,013,016,058,051,007,030,008,043,056,032,003
050,021,007,003,020,047,025,023,010,016,055,002
031,044,056,026,017,049,052,033,042,019,011,010
