017,052,059,002,045,003,005,043,035,026,042,015
024,032,027,032,041,028,011,060,057,015,012,016
052,034,004,029,052,013,030,008,041,059,003,034
044,021,001,023,023,044,005,060,002,014,052,053
058,036,059,047,045,050,039,016,003,040,002,019
030,011,039,014,041,038,029,030,002,029,024,039
039,056,023,057,001,059,010,038,055,059,003,060
050,047,029,037,009,045,015,012,060,056,036,041
052,056,026,024,054,018,056,059,022,049,009,026
002,010,060,059,016,042,052,024,033,006,033,023
020,035,038,048,022,027,019,014,013,049,007,014
050,052,005,045,045,033,045,022,059,008,040,051
031,007,041,009,051,028,032,016,052,058,013,042
019,034,051,039,009,006,059,011,004,012,004,041
031,041,002,053,036,059,033,050,017,033,031,045
059,026,011,034,016,023,040,022,056,049,005,022
037,015,058,056,037,056,039,009,027,033,043,024
036,038,047,011,018,048,017,025,049,039,031,026
060,058,021,035,001,050,003,047,043,034,007,042
009,050,051,030,036,048,055,013,018,009,047,020
014,032,026,016,012,030,050,049,001,029,059,014
045,024,056,032,033,015,015,023,002,055,050,032
002,013,057,022,049,006,006,008,014,031,038,053
015,035,056,002,004,040,036,028,003,042,013,016
019,057,029,035,041,057,014,037,001,004,022,056
047,016,050,007,024,019,043,059,040,031,027,055
027,025,060,006,012,051,030,022,056,054,058,024
012,001,030,009,023,032,015,025,049,021,052,044
058,017,057,004,017,026,034,017,013,024,025,058
039,060,011,029,007,058,041,005,008,005,007,015
004,043,002,027,040,050,014,054,039,048,009,040
017,013,015,008,060,007,032,035,006,029,037,044
030,020,038,021,059,046,041,029,031,024,047,027
015,058,050,035,004,050,020,019,043,010,048,009
008,043,013,023,018,057,034,051,042,036,049,015
038,023,009,002,041,024,002,012,046,041,055,041
025,050,019,008,006,014,004,059,006,052,016,053
016,037,025,056,048,056,057,045,018,042,036,049
054,032,018,006,037,007,048,031,020,048,031,004
034,048,014,038,018,036,003,019,053,043,042,023
003,043,042,024,047,055,011,042,045,058,030,025
023,047,025,051,002,052,007,010,023,008,019,033
037,024,001,049,051,035,060,030,046,027,006,036
003,028,046,024,039,038,022,032,010,001,017,015
005,020,053,032,034,044,055,037,005,015,021,011
024,016,010,035,013,057,003,038,019,017,054,019
013,053,020,013,005,002,010,017,042,044,015,043
034,020,035,019,053,020,027,059,033,054,039,058
053,029,001,015,019,038,013,036,039,002,003,024
060,022,025,054,046,043,052,007,003,025,008,018
023,010,027,039,024,004,032,041,022,017,055,030
009,053,047,052,018,051,046,052,045,032,036,007
025,035,020,036,017,048,039,026,046,044,008,040
026,030,035,045,030,007,003,001,001,008,056,030
059,044,003,036,043,028,019,027,056,047,038,026
002,004,051,016,034,001,055,009,041,019,032,013
012,034,058,021,002,023,054,058,032,015,037,042
043,029,012,014,013,030,056,015,006,041,011,002
049,024,035,052,059,015,019,005,010,056,007,049
003,013,028,039,004,048,013,034,042,001,056,020
052,004,020,014,045,044,027,017,048,014,038,001
025,006,003,023,060,029,054,022,053,030,048,021
050,055,048,045,021,031,042,034,039,034,044,017
041,047,013,019,028,035,019,055,051,014,051,029
011,038,045,010,030,005,010,018,054,012,018,031
049,040,044,051,040,034,046,037,048,011,010,032
022,046,028,024,053,031,045,004,046,019,050,029
010,053,048,013,034,016,051,037,006,053,055,036
037,019,005,011,018,039,007,020,036,022,038,049
059,052,058,014,053,004,042,002,034,031,060,040
005,054,009,031,022,037,026,014,037,038,026,053
009,033,011,056,018,012,041,020,013,045,050,037
044,054,008,050,049,060,048,032,060,023,039,030
030,047,039,037,017,004,058,051,017,002,054,046
004,010,042,027,054,010,019,030,011,013,023,004
037,009,002,032,018,055,050,042,058,004,020,055
055,052,016,030,015,020,008,054,045,051,040,001
029,048,051,008,038,004,058,044,024,030,016,058
017,043,056,057,012,008,021,001,057,044,046,036
036,023,036,011,033,001,027,035,025,047,045,029
016,015,022,018,054,009,049,042,030,046,026,002
003,029,004,005,048,052,022,038,032,042,050,034
010,013,050,016,015,010,029,055,044,038,040,011
029,022,027,026,036,012,047,010,033,020,043,009
038,005,024,040,046,011,058,031,028,018,030,003
035,040,021,018,039,040,013,021,052,014,031,020
029,023,047,009,007,027,028,016,020,042,013,001
060,043,041,050,054,016,055,042,003,059,025,020
010,005,007,022,013,059,049,058,020,022,029,059
020,017,009,057,014,047,001,032,014,049,057,038
024,047,048,006,036,039,029,042,007,034,035,044
044,060,037,027,053,051,021,026,028,025,045,026
055,015,038,016,030,037,049,008,041,023,060,004
027,041,032,026,039,044,059,045,035,047,024,025
008,017,030,045,033,036,034,015,048,033,027,014
032,018,040,053,048,027,030,054,016,022,005,049
058,001,054,047,059,040,060,013,027,040,006,045
004,003,027,004,007,028,018,050,029,038,012,060
029,018,036,008,041,051,035,030,022,055,032,009
040,023,017,059,005,050,037,005,045,047,042,038
001,014,020,001,060,010,002,048,039,019,010,046
048,049,054,036,009,049,005,006,003,046,018,005
037,021,024,051,057,042,032,030,049,043,038,008
035,007,002,057,049,012,056,027,026,018,037,012
040,028,040,006,008,025,006,043,031,022,035,018
023,056,051,048,014,015,022,033,016,020,042,053
059,037,017,007,028,050,047,004,012,011,009,028
016,036,032,011,030,057,029,028,029,049,055,008
032,046,012,046,010,016,026,011,032,031,029,057
050,043,033,029,034,049,021,045,050,022,015,009
018,016,023,050,029,052,060,037,023,030,010,006
056,050,010,029,005,009,014,023,034,035,059,032
053,019,040,043,013,039,006,030,029,021,056,036
031,029,036,044,049,041,012,022,025,046,051,013
007,043,004,014,033,035,020,023,022,008,050,057
026,003,003,007,001,044,059,010,053,048,008,021
050,027,060,034,012,042,031,028,047,043,022,023
040,047,001,011,016,049,013,022,002,024,025,029
025,011,058,019,044,048,029,007,026,036,010,050
012,041,020,050,015,046,027,009,046,045,003,006
006,042,048,054,058,030,037,017,010,022,044,016
021,015,045,014,011,009,004,033,044,027,042,045
033,025,011,024,037,001,012,026,010,011,051,006
057,012,012,020,054,038,005,003,022,048,042,047
047,022,036,005,033,041,026,044,021,010,036,004
041,045,041,018,043,018,024,056,034,027,051,022
026,057,058,047,006,011,053,011,030,044,060,024
031,059,009,038,014,042,043,057,021,032,005,033
018,020,059,033,028,010,004,044,055,056,045,049
050,015,053,054,042,035,003,021,046,014,003,008
056,006,011,027,013,009,027,006,055,039,054,037
057,032,031,036,035,031,035,008,053,018,016,007
045,012,039,029,013,018,019,031,059,022,031,017
037,003,022,041,014,028,056,033,057,031,051,005
004,032,037,043,058,042,024,007,054,055,060,025
036,014,041,058,009,056,027,010,024,029,055,007
059,042,036,010,005,024,056,040,016,009,016,043
037,023,012,048,025,044,027,023,048,057,017,021
025,052,053,047,026,055,006,019,038,060,034,045
034,010,059,057,017,049,030,004,011,037,025,036
057,051,028,047,055,048,038,052,047,002,042,039
030,017,052,039,031,060,032,034,016,035,009,058
010,052,050,044,042,022,025,055,050,060,025,019
001,009,031,013,044,014,046,048,012,021,020,060
034,056,056,018,017,040,023,055,038,020,054,028
026,033,035,013,053,035,033,044,022,043,020,058
047,039,001,045,037,018,031,038,018,001,033,014
043,002,020,021,021,036,011,057,039,021,058,055
037,041,050,051,033,030,035,058,055,057,030,052
038,015,015,044,007,044,030,002,023,031,025,034
026,034,034,022,001,056,005,021,026,051,037,047
055,046,023,006,004,015,026,037,039,035,041,008
017,005,001,031,044,049,017,006,013,038,028,002
007,008,013,028,058,050,035,060,022,011,044,020
055,006,042,017,022,003,056,053,006,059,053,001
043,012,039,031,021,042,059,039,057,035,036,027
054,006,019,028,025,004,004,028,045,008,035,038
059,009,002,041,031,044,053,044,058,059,030,015
054,050,010,049,002,034,056,014,003,012,014,010
051,010,032,040,035,022,048,040,054,040,043,011
025,007,053,014,023,045,018,019,019,022,023,007
043,052,012,039,059,048,056,003,053,005,025,016
023,035,038,050,023,005,055,034,026,042,012,007
060,051,044,012,021,030,012,025,044,011,046,018
021,002,058,026,042,048,042,043,041,017,002,045
047,031,043,056,054,001,050,026,028,042,004,056
018,034,059,019,042,030,039,011,017,003,040,021
012,010,050,046,029,032,052,015,025,037,038,012
057,036,041,039,037,045,016,014,001,022,027,013
006,024,058,048,048,015,051,017,051,003,050,021
004,035,011,055,010,058,028,058,005,025,057,039
051,007,008,033,051,004,027,043,002,058,040,025
010,025,019,004,010,039,049,026,044,019,054,023
041,007,031,050,028,044,039,015,041,043,031,033
013,037,040,046,039,054,060,017,060,014,019,043
025,042,047,044,021,009,036,015,010,009,059,049
055,024,017,053,005,007,029,047,005,056,012,024
005,031,044,043,044,056,026,041,026,052,048,028
009,017,004,034,013,025,024,014,011,035,009,007
044,003,020,011,049,032,003,010,044,022,036,045
034,037,008,016,006,020,032,039,021,056,013,056
007,019,014,050,034,009,021,047,028,011,033,038
041,021,033,039,029,036,001,035,016,033,055,021
028,045,058,027,024,057,052,032,008,029,020,054
046,031,044,010,039,005,018,014,023,017,046,058
008,004,008,047,019,047,010,037,037,040,025,001
033,021,014,013,056,038,054,057,003,018,044,009
003,031,055,043,016,021,002,015,039,023,039,046
008,039,020,037,009,051,004,013,054,031,041,056
054,052,024,001,015,041,058,040,021,059,060,045
060,018,042,040,058,053,035,043,054,034,040,057
033,049,002,007,007,021,049,019,052,041,060,047
054,041,009,035,056,012,007,057,046,013,048,016
060,055,029,012,005,052,017,045,054,060,002,040
008,020,045,056,040,038,039,025,057,052,037,033
058,006,049,004,007,006,046,007,034,038,053,050
046,060,053,037,026,010,043,023,042,056,047,006
052,049,008,046,038,046,007,011,034,041,008,042
008,044,022,015,008,057,046,035,060,036,028,027
010,019,021,054,049,035,017,047,026,022,016,011
060,008,009,023,032,006,005,016,008,027,013,033
016,052,028,001,060,033,053,027,021,028,020,051
025,032,055,003,040,010,028,055,034,059,040,030
027,016,026,023,051,036,008,024,027,049,018,007
020,026,028,046,017,016,053,059,036,009,033,002
007,048,017,054,027,052,010,055,001,002,001,039
051,011,044,029,025,043,042,046,022,025,012,032
015,024,059,051,047,026,049,051,020,032,005,028
050,011,009,003,043,051,046,006,036,040,059,035
056,031,052,042,010,041,049,057,023,021,032,055
030,014,006,004,028,033,017,018,033,012,027,024
025,021,007,033,013,041,030,001,039,043,060,019
035,048,031,037,040,029,032,051,030,031,003,033
028,006,050,003,057,005,052,021,041,011,021,043
052,019,056,016,036,047,047,013,039,004,054,027
021,024,012,006,035,005,045,039,053,049,059,012
013,054,040,044,008,014,018,004,055,040,021,051
038,045,045,016,005,055,026,008,005,014,041,001
053,012,030,038,041,003,043,054,001,055,048,047
014,009,037,058,036,032,020,059,047,018,013,008
008,028,001,017,025,059,002,016,029,027,027,031
036,035,041,053,060,016,001,051,049,037,035,024
038,043,059,024,031,008,002,008,028,022,043,026
054,042,020,010,021,014,026,006,007,001,040,019
015,026,002,018,012,005,055,004,008,032,021,053
024,009,058,034,019,026,007,013,048,026,001,052
052,012,038,055,043,058,002,025,037,035,010,033
051,015,027,003,005,047,028,053,011,052,044,032
021,004,043,033,022,004,054,011,057,027,047,051
043,045,038,032,017,024,031,016,042,010,031,012
005,044,022,014,025,053,008,037,028,030,040,033
024,036,045,019,054,045,011,023,034,047,015,018
002,038,053,034,021,034,034,006,054,004,029,009
028,037,026,004,012,013,049,023,001,036,050,024
025,023,006,002,040,015,047,038,003,049,041,025
038,017,026,001,011,014,002,051,023,028,060,053
048,041,014,040,023,034,037,032,048,005,011,003
042,004,020,052,019,015,052,022,038,007,007,047
057,014,050,030,001,043,031,011,052,045,003,052
003,020,057,060,042,033,024,020,032,033,050,059
045,027,040,005,001,057,044,006,040,020,017,056
006,057,052,018,026,013,008,048,004,016,027,030
005,058,028,060,016,040,015,045,009,019,057,033
050,017,001,047,058,013,019,001,055,044,016,046
003,015,016,019,022,021,045,025,050,036,041,060
054,007,054,015,013,015,033,058,026,046,021,006
002,044,021,046,053,045,020,057,043,030,014,003
009,004,003,016,046,047,012,028,048,003,018,023
037,002,058,023,025,018,015,053,056,035,020,039
031,042,001,027,029,054,020,002,005,059,049,028
013,029,058,029,012,047,055,017,052,033,027,020
012,019,008,052,002,054,003,057,014,029,011,049
005,027,037,006,023,012,020,046,046,033,030,034
010,024,042,019,058,003,008,011,020,004,038,028
005,046,052,060,024,054,034,005,059,018,050,048
043,013,029,046,051,031,055,051,011,017,028,015
005,042,052,023,021,057,004,046,045,055,053,024
039,053,018,030,010,030,038,024,027,015,059,038
038,027,028,059,036,002,033,018,037,057,019,036
048,001,032,003,027,018,057,028,007,053,054,059
039,007,036,030,053,022,059,030,047,032,052,040
013,040,016,006,010,008,053,046,001,005,050,012
002,049,056,051,002,003,013,005,044,041,029,026
055,014,031,010,047,015,025,049,053,023,018,040
032,019,013,006,038,051,053,033,015,006,006,050
049,047,002,060,008,034,006,022,032,007,024,018
027,021,026,056,011,018,023,051,014,025,041,014
007,059,049,054,001,046,058,011,006,038,021,019
008,053,053,036,033,024,048,024,018,045,003,054
029,056,042,051,008,058,017,012,049,030,059,023
046,009,056,007,019,029,054,026,029,020,048,030
032,043,015,060,060,026,045,020,040,007,010,057
044,024,016,055,039,022,058,022,037,048,026,005
031,015,041,040,048,060,028,052,059,016,056,008
050,039,031,055,035,014,049,046,038,058,045,040
002,031,014,034,023,024,034,029,009,060,047,057
041,030,046,056,033,051,058,057,005,029,033,055
018,038,048,010,042,041,004,007,034,036,043,031
035,012,025,057,037,052,018,058,016,057,012,009
014,017,017,028,019,048,027,012,055,049,051,054
051,019,020,009,006,031,017,036,058,032,020,049
047,033,043,014,033,034,057,034,003,035,039,006
053,003,060,021,002,022,020,028,046,057,020,043
051,027,031,052,031,025,051,052,038,025,003,039
018,049,002,046,022,024,035,055,036,052,060,042
016,001,019,056,037,004,051,046,057,017,034,046
035,041,060,001,017,029,013,050,009,008,050,002
026,028,009,052,007,026,031,049,018,044,046,023
006,001,037,036,013,044,019,050,034,024,035,017
023,019,012,040,039,017,017,032,036,043,048,025
015,029,025,026,023,048,033,011,054,035,022,009
012,058,055,053,042,009,028,034,040,026,032,028
004,011,027,060,043,048,017,046,016,029,011,045
060,032,045,007,035,006,011,019,025,009,056,028
011,015,016,041,053,057,032,005,012,055,002,035
