1,63,2,6,2.8358
1,82,2,2,2.921
0,16,1,2,2.3475
1,45,1,1,1.9806
1,86,2,6,2.9815
1,49,1,2,3.2153
1,17,1,3,2.4579
0,77,2,5,2.8702
1,113,2,3,2.2585
1,118,2,6,3.7715
1,103,2,4,2.5366
0,114,2,5,2.6702
1,33,1,1,3.3933
0,27,1,2,2.1363
1,51,1,1,2.5805
1,106,2,4,3.026
0,44,1,2,2.2587
0,25,1,3,1.8676
1,115,2,5,2.4252
1,89,2,6,2.0694
0,27,1,3,3.3147
0,97,2,6,3.8826
0,74,2,7,3.1717
1,36,1,1,3.1375
0,62,2,7,2.3995
0,69,2,5,4.0873
1,52,1,3,2.6144
1,55,1,2,1.3886
1,3,1,3,1.802
1,10,1,2,1.6354
0,25,1,3,3.1478
0,72,2,7,1.8805
1,53,1,1,1.6904
1,41,1,3,2.7492
0,77,2,6,2.5475
0,83,2,5,2.7369
0,100,2,5,2.0137
1,5,1,NaN,NaN
0,7,1,2,3.7703
1,40,1,2,3.7569
1,94,2,6,1.531
1,120,2,4,2.0318
0,29,1,3,3.2343
0,76,2,6,2.2158
1,60,1,2,1.4346
0,9,1,3,2.4793
0,42,1,3,4.5167
1,94,2,6,1.3347
1,97,2,5,1.3888
1,55,1,2,1.6243
0,92,2,6,1.6357
1,93,2,5,2.0251
0,12,1,3,2.626
0,6,1,2,1.9363
1,92,2,5,1.3241
0,91,2,4,1.9254
0,56,1,1,1.9695
1,96,2,6,2.192
0,110,2,5,2.2475
0,85,2,5,2.7121
0,65,2,6,1.3797
0,38,1,2,2.6135
1,78,2,6,3.3263
1,104,2,6,2.5692
1,71,2,4,2.9452
1,109,2,5,2.047
1,60,1,2,2.3918
0,85,2,5,2.9592
0,5,1,2,2.4144
0,38,1,2,1.4237
1,48,1,1,2.5035
0,64,2,6,2.2248
1,102,2,6,2.6257
0,119,2,6,2.4477
1,2,1,3,3.1813
0,30,1,2,1.6692
0,88,2,5,2.292
1,98,2,4,2.1808
0,11,1,4,2.893
0,16,1,3,4.3652
0,37,1,3,1.8026
0,90,2,4,1.7359
0,102,2,6,3.8359
0,120,2,4,1.6351
1,66,2,6,1.8245
0,54,1,2,3.1929
0,53,1,1,4.8727
1,105,2,5,2.0917
0,73,2,6,1.6344
1,99,2,2,1.4355
0,12,1,3,2.3369
0,28,1,2,1.6249
0,23,1,2,1.3784
0,24,1,3,2.3477
0,1,1,2,2.4262
1,107,2,6,3.8046
1,79,2,5,1.5914
0,101,2,4,2.3143
0,114,2,5,1.3574
0,21,1,3,1.0572
1,14,1,2,1.513
1,75,2,5,2.6922
0,70,2,7,2.4477
1,19,1,3,1.3799
1,32,1,3,2.4144
0,10,1,2,2.5701
1,43,1,1,3.6934
1,116,2,4,2.0232
0,57,1,3,3.981
0,19,1,3,1.1795
1,63,2,5,3.2709
1,59,1,2,2.4363
1,67,2,5,1.925
0,37,1,2,1.6577
0,109,2,NaN,NaN
0,58,1,2,4.0154
0,20,1,3,2.6923
1,76,2,5,1.3576
0,33,1,2,1.692
0,95,2,4,1.6456
1,22,1,3,1.7354
1,96,2,5,1.8584
1,26,1,3,1.4911
0,39,1,3,2.3705
0,91,2,4,2.213
0,44,1,3,2.2809
1,83,2,5,2.3581
1,75,2,6,2.3813
1,66,2,5,1.413
1,50,1,2,1.413
1,1,1,2,1.4687
1,104,2,6,2.6139
1,11,1,4,1.6354
1,42,1,3,1.9577
0,31,1,3,2.7147
1,50,1,2,1.5684
1,111,2,4,1.9134
0,84,2,4,1.38
0,108,2,2,2.3031
0,26,1,3,3.9939
1,57,1,3,1.2777
0,4,1,1,3.4698
1,87,2,2,1.9008
1,107,2,6,1.4573
1,20,1,2,4.4437
0,52,1,3,1.3242
1,21,1,3,1.1237
1,112,2,6,3.5604
0,106,2,5,2.7811
0,32,1,3,1.5023
1,61,2,4,2.9493
0,9,1,3,1.39
0,34,1,3,2.1466
0,99,2,2,4.0653
1,90,2,4,1.8919
1,22,1,3,1.6691
0,34,1,4,2.8371
0,88,2,5,1.5899
1,56,1,2,2.5814
1,112,2,5,2.3143
0,51,1,2,2.1127
0,84,2,5,1.4923
0,45,1,2,1.7022
0,81,2,6,2.4253
0,13,1,3,2.9038
0,119,2,5,1.3571
1,39,1,3,2.5255
0,117,2,4,2.7459
1,59,1,2,3.2706
0,8,1,1,1.769
1,47,1,3,1.8913
0,7,1,2,2.2802
0,70,2,7,2.6366
1,89,2,6,1.3797
1,79,2,6,1.9465
0,28,1,2,1.8137
1,101,2,4,2.0243
1,86,2,5,1.7245
0,49,1,3,1.9693
0,43,1,2,2.4479
0,58,1,2,1.8692
0,78,2,5,1.9339
0,18,1,3,4.1654
1,105,2,5,4.2985
0,35,1,3,3.0489
1,46,1,2,1.6912
0,35,1,2,1.4466
0,46,1,2,2.8454
0,72,2,6,1.4465
1,6,1,3,1.3016
0,87,2,5,1.1353
0,31,1,3,1.5018
1,80,2,5,1.1785
0,116,2,4,2.2807
1,41,1,3,1.3558
1,118,2,5,1.6244
0,4,1,3,1.0797
0,47,1,2,0.11105
0,68,2,6,1.057
0,64,2,5,1.7691
0,95,2,4,3.6269
1,54,1,2,1.2019
1,17,1,4,2.7704
1,100,2,5,1.4459
1,111,2,4,2.8603
1,62,2,5,1.2789
1,74,2,2,1.1018
1,98,2,NaN,NaN
1,73,2,6,3.0125
0,23,1,3,1.7235
0,2,1,3,1.4466
1,80,2,5,1.3909
1,18,1,2,1.5013
0,115,2,5,1.6471
1,117,2,5,2.1697
1,13,1,3,2.1693
0,103,2,4,2.2141
0,71,2,4,1.7026
1,82,2,3,3.9495
1,61,2,6,2.5923
1,48,1,2,2.2715
1,68,2,NaN,NaN
1,81,2,2,0.033162
1,40,1,3,4.0143
0,110,2,5,1.335
1,113,2,3,2.8258
1,36,1,3,2.2817
0,67,2,5,1.5238
0,30,1,2,2.4466
1,69,2,5,1.5298
0,24,1,3,2.4365
0,93,2,5,1.2016
1,29,1,3,2.2141
1,8,1,2,2.214
1,65,2,6,1.1896
1,108,2,5,1.0461
0,15,1,3,1.4906
1,3,1,3,1.6247
0,14,1,2,2.4921
1,15,1,3,2.6922
