<><><><><><><><> 
Begin: 26-Sep-2014 15:20:56 
Matlab version  8.2.0.701 (R2013b) 
Psychtoolbox version  3.0.11 
Subjid: s24 Run Number: 2 
<><><><><><><><> 
Columns info in data file: 
1. left indvd 2. # right indvd  
3. response (left - 1 :: right - 2) 4. RT  
<><><><><><><><> 
Columns info in (this) info file: 
1. Stimulus start time (from trial start) 2. Stimulus off-time(from stimulus start time) 
3. RT or max response duration, if no response (from stimulus start time) 
 
1.002 1.461 1.461 
0.267 1.740 1.740 
0.600 1.236 1.236 
0.483 1.772 1.772 
0.400 1.729 1.729 
0.383 1.466 1.466 
0.233 1.226 1.226 
0.467 1.784 1.784 
0.217 1.609 1.609 
0.234 1.105 1.105 
0.417 1.641 1.641 
0.234 0.919 0.919 
0.534 1.389 1.389 
0.534 1.553 1.553 
0.499 2.255 2.255 
0.267 1.641 1.641 
0.467 1.532 1.532 
0.416 1.433 1.433 
0.584 1.565 1.565 
0.467 1.357 1.357 
0.517 1.444 1.444 
0.383 3.851 3.851 
0.383 1.499 1.499 
0.535 1.751 1.751 
0.234 1.422 1.422 
0.250 1.225 1.225 
0.266 2.079 2.079 
0.351 1.390 1.390 
0.533 1.871 1.871 
0.517 1.531 1.531 
0.233 1.467 1.467 
0.366 1.466 1.466 
0.417 1.434 1.434 
0.368 1.466 1.466 
0.467 1.859 1.859 
0.451 1.707 1.707 
0.317 2.014 2.014 
0.367 1.576 1.576 
0.217 3.174 3.174 
0.601 1.871 1.871 
0.267 1.444 1.444 
0.250 2.058 2.058 
0.350 1.028 1.028 
0.285 1.116 1.116 
0.401 3.229 3.229 
0.334 0.952 0.952 
0.584 1.105 1.105 
0.568 0.952 0.952 
0.217 0.985 0.985 
0.501 0.920 0.920 
0.317 1.521 1.521 
0.367 1.191 1.191 
0.416 0.949 0.949 
0.583 1.257 1.257 
0.368 1.728 1.728 
0.600 1.214 1.214 
0.317 2.090 2.090 
0.484 1.259 1.259 
0.467 1.182 1.182 
0.418 0.832 0.832 
0.484 0.908 0.908 
0.467 1.599 1.599 
0.267 1.522 1.522 
0.251 1.674 1.674 
0.601 1.368 1.368 
0.268 1.619 1.619 
0.217 1.335 1.335 
0.434 1.105 1.105 
0.550 1.072 1.072 
0.467 1.489 1.489 
0.284 1.499 1.499 
0.350 1.357 1.357 
0.384 1.247 1.247 
0.601 2.200 2.200 
0.267 1.521 1.521 
0.551 1.204 1.204 
0.467 1.412 1.412 
0.350 1.292 1.292 
0.284 1.258 1.258 
0.368 1.281 1.281 
0.400 0.974 0.974 
0.250 1.794 1.794 
0.434 2.025 2.025 
0.300 0.996 0.996 
0.350 0.842 0.842 
0.434 1.456 1.456 
0.301 1.039 1.039 
0.317 1.159 1.159 
0.450 0.744 0.744 
0.316 1.423 1.423 
0.534 1.137 1.137 
0.601 1.357 1.357 
0.500 1.750 1.750 
0.333 1.936 1.936 
0.433 1.516 1.516 
0.250 1.827 1.827 
0.567 1.827 1.827 
0.551 1.146 1.146 
0.534 1.236 1.236 
0.301 1.215 1.215 
0.434 0.898 0.898 
0.216 1.181 1.181 
0.366 1.160 1.160 
0.334 1.291 1.291 
0.267 1.160 1.160 
0.267 1.214 1.214 
0.368 2.122 2.122 
0.233 0.995 0.995 
0.450 2.056 2.056 
0.384 1.992 1.992 
0.484 2.484 2.484 
0.485 1.007 1.007 
0.450 0.984 0.984 
0.216 1.564 1.564 
0.234 1.357 1.357 
0.334 1.641 1.641 
0.417 1.029 1.029 
0.468 1.017 1.017 
0.367 1.279 1.279 
0.534 1.215 1.215 
0.484 1.827 1.827 
0.584 1.237 1.237 
0.417 1.554 1.554 
0.334 1.237 1.237 
0.250 1.149 1.149 
0.449 1.226 1.226 
0.518 2.638 2.638 
0.367 1.084 1.084 
0.234 1.390 1.390 
0.316 0.842 0.842 
0.268 2.080 2.080 
0.316 1.115 1.115 
0.384 0.986 0.986 
0.418 0.711 0.711 
0.384 1.182 1.182 
0.551 0.865 0.865 
0.416 0.908 0.908 
0.584 1.138 1.138 
0.452 1.357 1.357 
0.584 0.810 0.810 
0.300 1.062 1.062 
0.467 1.171 1.171 
0.317 1.324 1.324 
0.467 1.718 1.718 
0.484 2.440 2.440 
0.234 1.423 1.423 
0.300 1.094 1.094 
0.284 1.729 1.729 
0.468 1.170 1.170 
0.535 1.181 1.181 
0.334 1.116 1.116 
0.518 1.182 1.182 
0.467 1.412 1.412 
0.201 0.984 0.984 
0.450 1.236 1.236 
0.351 1.936 1.936 
0.567 1.301 1.301 
0.201 0.821 0.821 
0.383 1.345 1.345 
0.367 0.963 0.963 
0.385 2.375 2.375 
0.517 1.312 1.312 
0.333 1.445 1.445 
0.517 1.466 1.466 
0.385 1.685 1.685 
0.218 0.941 0.941 
0.267 2.309 2.309 
0.485 1.018 1.018 
0.400 1.225 1.225 
0.267 1.127 1.127 
0.334 2.287 2.287 
0.450 1.576 1.576 
0.283 1.357 1.357 
0.500 1.358 1.358 
0.301 3.973 3.973 
0.567 1.084 1.084 
0.317 1.060 1.060 
0.517 1.247 1.247 
0.283 2.221 2.221 
0.317 0.886 0.886 
0.234 0.941 0.941 
0.434 0.996 0.996 
0.483 1.094 1.094 
0.417 2.069 2.069 
0.367 1.170 1.170 
0.467 1.543 1.543 
0.467 1.018 1.018 
0.468 1.115 1.115 
0.451 1.214 1.214 
0.584 1.258 1.258 
0.283 0.951 0.951 
0.484 0.930 0.930 
0.301 1.018 1.018 
0.250 0.930 0.930 
0.450 0.952 0.952 
0.384 1.238 1.238 
0.384 1.554 1.554 
0.467 0.962 0.962 
0.517 0.931 0.931 
0.350 1.586 1.586 
0.467 1.478 1.478 
0.368 0.931 0.931 
0.534 1.095 1.095 
0.534 1.335 1.335 
0.301 1.390 1.390 
0.451 1.926 1.926 
0.434 1.270 1.270 
0.417 0.875 0.875 
0.551 1.488 1.488 
0.301 1.367 1.367 
0.334 1.521 1.521 
0.250 1.094 1.094 
0.584 1.520 1.520 
0.467 1.784 1.784 
0.401 1.301 1.301 
0.451 1.204 1.204 
0.418 1.258 1.258 
0.467 1.466 1.466 
0.417 1.118 1.118 
0.484 0.777 0.777 
0.417 1.028 1.028 
0.601 0.777 0.777 
0.283 1.422 1.422 
0.250 1.268 1.268 
0.250 1.040 1.040 
0.233 1.302 1.302 
0.368 2.002 2.002 
0.384 1.324 1.324 
0.350 1.597 1.597 
0.516 1.017 1.017 
0.451 1.095 1.095 
0.517 1.761 1.761 
0.568 1.182 1.182 
0.584 1.958 1.958 
0.284 0.897 0.897 
0.251 1.227 1.227 
0.484 2.079 2.079 
0.233 1.334 1.334 
0.418 0.864 0.864 
0.417 0.996 0.996 
0.550 0.843 0.843 
0.400 1.214 1.214 
0.367 1.499 1.499 
0.467 1.105 1.105 
0.501 0.809 0.809 
0.417 1.247 1.247 
0.335 1.138 1.138 
0.267 1.695 1.695 
0.434 1.763 1.763 
0.300 1.139 1.139 
0.218 0.942 0.942 
0.501 1.117 1.117 
0.301 1.039 1.039 
0.384 1.302 1.302 
0.483 1.127 1.127 
0.350 1.018 1.018 
0.501 1.061 1.061 
0.367 0.799 0.799 
0.484 1.258 1.258 
0.484 1.061 1.061 
0.385 0.755 0.755 
0.217 1.292 1.292 
0.334 1.236 1.236 
0.368 1.980 1.980 
0.317 1.675 1.675 
0.284 1.565 1.565 
0.533 0.964 0.964 
0.367 0.853 0.853 
0.551 1.018 1.018 
0.367 1.641 1.641 
0.517 1.170 1.170 
0.367 1.794 1.794 
0.533 1.051 1.051 
0.500 0.831 0.831 
0.350 1.499 1.499 
0.284 1.936 1.936 
0.518 1.203 1.203 
0.584 1.182 1.182 
0.334 1.106 1.106 
0.467 3.052 3.052 
0.384 2.057 2.057 
0.534 1.652 1.652 
0.517 1.236 1.236 
0.267 2.527 2.527 
0.550 1.312 1.312 
0.601 1.597 1.597 
0.400 1.007 1.007 
0.551 0.755 0.755 
0.433 0.744 0.744 
0.267 1.017 1.017 
0.284 1.193 1.193 
0.367 0.909 0.909 
0.501 1.904 1.904 
0.534 1.258 1.258 
0.517 1.367 1.367 
<><><><><><><><> 
RT (mean):  1.38 
Consistency:  0.36 
Self Consistency:  0.80 
<><><><><><><><> 
End: 26-Sep-2014 15:29:51 
