109,120,1,1.2798
86,115,1,1.466
66,98,2,0.99525
74,64,1,1.3228
89,91,2,1.3563
105,83,2,1.4218
61,107,2,1.597
92,79,2,1.4219
117,120,1,1.9581
62,111,1,1.5755
102,61,2,1.5429
68,112,1,1.4877
77,102,2,1.3786
97,101,2,1.5865
116,115,1,1.1044
104,78,2,1.0615
92,107,2,1.2363
89,81,1,1.094
117,83,2,1.1603
101,84,1,1.1933
75,105,1,1.3347
62,77,2,1.6186
63,95,2,1.816
120,71,2,1.6625
104,107,2,1.3127
76,102,2,1.3125
110,61,1,1.226
87,75,2,1.2692
80,70,2,1.2795
63,118,1,1.2248
116,71,2,1.3018
106,96,1,1.3462
66,88,2,1.4442
114,110,1,1.6955
111,79,2,1.3557
81,120,1,1.3244
92,87,1,1.3797
115,76,2,1.1811
85,88,2,1.5758
80,114,1,1.2472
89,104,2,2.1556
84,94,2,1.7388
83,112,1,1.6961
94,118,2,2.527
100,83,2,2.0678
105,90,1,2.1891
114,96,1,2.8443
94,99,1,2.0444
108,77,2,1.9143
116,76,2,1.5541
82,94,2,1.773
103,105,1,2.5375
100,85,2,2.9865
80,69,2,1.7277
97,89,1,2.1548
120,95,2,1.9372
107,112,1,2.2763
95,71,2,3.8396
116,88,2,1.8705
102,106,1,1.5204
101,90,1,1.5644
89,87,1,1.5099
92,72,1,1.4553
61,108,2,1.6513
81,112,1,1.6517
93,115,2,1.4881
74,90,1,1.3779
114,83,2,1.4668
90,95,2,1.7617
115,71,1,1.6299
78,86,1,1.3894
77,83,1,2.4626
97,96,1,1.992
72,98,1,2.2856
65,76,2,1.7066
82,118,2,1.213
101,63,2,2.6702
86,104,2,1.6729
102,93,1,1.3463
114,66,2,1.4335
110,112,1,1.8706
108,73,2,1.3131
111,97,1,2.001
83,87,2,1.1269
88,97,1,1.7954
68,80,1,1.136
70,74,2,1.225
73,96,1,1.401
92,109,2,2.7249
69,91,1,1.0945
96,98,1,2.4398
105,119,2,1.5002
84,102,2,2.1767
111,89,1,2.5813
71,69,1,2.2652
99,113,2,2.7277
118,77,2,1.1476
111,117,1,1.4336
68,118,1,1.5315
91,103,2,2.8338
108,70,2,1.4655
68,116,1,1.313
106,120,1,1.9365
61,119,1,2.1334
106,66,2,1.9142
73,101,1,2.0887
68,71,1,1.586
90,115,2,1.9029
93,96,1,1.3781
62,78,2,1.8052
110,69,1,1.9801
118,115,1,1.6854
94,71,1,3.2264
100,78,2,1.7726
110,99,1,3.1848
61,83,2,2.199
88,105,1,1.4562
118,112,1,1.969
113,117,1,2.0139
99,78,2,2.5268
89,118,2,2.0457
104,117,1,3.9175
114,92,2,1.8603
63,70,2,1.7292
101,109,1,1.641
80,113,2,1.5648
90,98,2,1.3359
117,97,2,1.4662
71,72,2,2.2421
96,103,2,2.145
97,95,1,2.3637
88,91,1,2.2532
84,99,1,1.3241
105,89,2,2.7116
79,80,1,1.4775
94,113,1,1.849
100,105,1,2.309
117,62,2,2.4844
113,111,2,2.5061
118,95,1,1.5972
75,62,2,3.4581
100,120,1,1.6528
105,108,2,2.4722
91,117,1,1.4768
62,103,2,2.1645
65,84,1,1.2798
117,68,2,0.92894
115,73,2,1.761
119,67,1,2.5604
85,92,2,2.649
84,113,2,3.4682
61,120,1,1.8053
85,101,2,1.641
69,78,2,1.6071
75,81,1,3.0852
76,89,1,1.2905
103,97,2,1.7939
93,61,1,3.0858
70,107,1,3.6451
79,77,2,3.3273
110,84,1,1.4226
103,72,2,1.5539
106,100,2,2.3741
91,94,2,2.8897
101,119,2,3.4586
67,105,1,2.1431
103,118,2,1.597
93,106,1,2.5054
118,99,1,2.9112
67,89,1,3.818
68,104,1,1.389
103,69,1,1.9805
84,66,2,1.9474
104,112,1,1.127
102,68,1,1.2272
72,94,2,1.6974
113,101,2,1.5534
65,67,1,1.0287
110,115,2,2.1432
91,101,1,3.1066
79,100,1,3.4471
108,116,1,1.7179
77,73,2,1.5103
79,115,1,2.2976
72,69,1,1.5875
68,115,1,1.8485
69,95,2,1.5756
92,67,1,2.0347
109,77,2,2.4831
112,101,2,2.0581
105,110,2,2.0348
103,119,1,2.0241
86,88,2,2.407
105,93,2,1.5761
75,66,1,1.6846
76,90,1,1.4663
63,72,2,2.5814
83,118,2,1.4889
82,96,1,1.6187
95,111,2,1.4559
66,67,1,1.6967
86,98,1,2.134
118,92,2,2.0679
79,82,1,1.903
101,106,2,2.9435
69,114,2,1.3348
113,91,1,2.9964
71,86,1,1.8379
66,63,NaN,NaN
101,95,1,2.7903
81,115,2,1.9804
102,112,1,1.9592
89,113,1,1.5743
105,87,1,2.0905
107,66,2,2.1127
75,110,1,2.6466
114,103,2,1.8491
92,70,2,2.1782
81,106,2,1.9469
103,76,1,2.0356
106,64,2,1.5419
70,94,1,1.3459
105,73,2,1.456
88,103,1,2.5383
107,102,2,1.3795
64,89,1,2.1109
85,84,2,2.8341
93,103,1,1.269
102,85,1,1.6651
74,77,2,2.3092
106,63,2,1.5744
114,86,2,1.3565
89,77,2,1.6741
109,107,2,1.4
102,99,1,1.0944
66,118,2,1.3671
99,73,2,2.1783
86,89,1,1.1491
104,103,2,2.9868
91,73,2,2.0234
108,78,2,1.8165
83,79,2,2.2854
106,94,2,3.5664
93,117,1,2.5933
78,92,1,2.4826
108,97,2,1.6955
63,100,1,3.7962
119,66,2,1.5423
63,85,1,2.8545
93,87,1,2.2215
94,63,1,3.6973
111,65,2,2.0459
116,63,2,1.9695
73,72,2,2.5389
90,65,2,2.7028
99,75,2,3.0852
79,72,2,4.7044
112,77,2,2.5601
65,88,1,2.5611
68,94,1,1.8496
74,96,1,2.0685
83,76,2,2.592
63,119,1,2.0787
62,102,2,1.9037
91,108,1,2.6045
83,119,2,2.8558
61,99,1,1.8932
86,70,2,1.3573
96,84,2,1.7845
78,68,1,1.8703
93,90,1,1.6629
76,112,1,2.0682
84,120,1,2.3077
75,107,2,1.3348
111,87,1,2.6266
65,81,1,2.3851
93,69,1,2.1446
73,107,2,2.7674
119,118,2,2.0018
109,81,2,1.6191
98,67,2,2.9977
110,93,2,2.1774
78,81,1,1.1817
104,97,2,2.3307
61,103,1,2.3082
102,110,1,1.6628
87,112,1,2.3839
85,62,2,1.7401
95,74,2,1.269
116,77,2,2.7364
93,118,1,2.4609
78,83,2,3.1614
87,90,1,2.4281
85,111,2,1.9688
101,68,2,2.0567
