75,102,2,1.176
111,120,1,2.1661
113,72,2,1.2366
104,120,1,1.1386
70,114,1,1.3999
72,99,1,1.4446
82,73,2,1.0722
113,67,1,1.6303
81,103,2,1.8926
96,85,2,1.7172
61,75,1,1.7397
110,71,2,1.0952
73,68,1,1.0397
110,90,1,1.2139
102,109,1,1.1276
95,75,2,1.05
88,113,1,0.9409
112,116,1,1.2913
85,109,2,0.91883
92,115,1,1.148
117,114,2,0.99531
80,73,2,1.029
99,114,2,1.2247
120,68,2,1.0714
94,104,2,1.1598
102,96,1,0.88645
64,61,1,1.2368
84,111,2,1.3674
116,65,2,1.2133
108,71,1,1.0176
116,78,2,2.0131
105,69,1,1.3135
75,100,1,1.7082
115,111,2,1.3349
69,98,2,1.3455
94,66,1,1.1164
103,92,1,1.3457
65,68,2,1.2694
81,85,1,1.7191
79,75,2,1.0719
69,68,2,1.6621
90,84,2,1.3023
77,106,1,1.5962
88,61,2,1.6416
108,76,2,1.2039
113,106,2,1.0827
116,118,2,1.1974
76,68,1,1.1464
117,88,2,0.99557
69,111,2,0.98503
116,100,2,1.2697
106,91,2,1.2258
119,72,2,1.1703
84,95,1,1.2245
88,93,2,1.0063
99,62,1,1.0612
86,68,2,1.2366
112,115,1,1.1923
61,62,1,1.7174
101,89,1,1.3021
118,79,2,1.1702
61,69,1,1.061
112,97,2,1.0074
88,90,1,1.1486
98,76,2,0.93098
64,100,1,1.0939
76,69,1,1.324
112,62,2,1.2577
116,67,2,1.1278
118,69,1,1.0502
112,71,2,1.1161
98,87,1,1.3676
107,81,1,1.1702
71,76,2,0.99457
114,113,2,1.5318
72,74,2,1.3236
96,108,2,1.6421
103,120,1,1.3681
62,87,1,1.3676
83,120,1,1.259
86,117,1,1.5104
112,70,2,0.96256
118,91,1,1.4666
73,103,1,0.8973
62,115,1,1.5646
77,63,2,1.127
104,85,1,0.96319
93,84,2,1.3127
68,92,1,1.2042
70,73,1,1.4659
69,92,2,0.84252
96,79,2,1.4876
72,75,1,1.2368
109,117,1,1.6087
112,94,2,1.3348
102,114,1,1.1376
118,101,2,1.5414
61,113,1,1.2365
85,87,2,0.96361
106,69,1,1.7501
90,85,2,1.9476
109,86,1,0.98484
102,105,1,0.74418
85,79,2,1.8163
74,101,1,1.236
98,110,2,1.5436
74,91,1,1.0838
110,100,1,1.7722
78,95,1,1.2257
108,110,2,1.6083
86,95,2,1.3669
100,87,2,1.4122
107,67,1,1.7614
94,120,1,1.433
73,100,1,1.1601
65,83,1,1.0067
63,78,2,1.3889
96,65,2,1.2692
73,81,1,1.4555
104,65,2,1.3242
89,106,2,2.4518
88,109,2,1.3789
80,106,2,1.5433
84,72,1,1.4561
68,103,1,1.7619
116,101,2,1.1599
61,100,1,1.2147
80,107,2,0.95155
98,84,1,1.654
105,92,2,1.8709
74,119,1,0.97389
91,64,2,1.3899
71,96,1,1.2358
107,113,1,1.3896
114,105,1,1.5763
109,91,1,1.5319
106,108,1,1.8826
116,99,1,1.4332
117,82,2,1.5316
119,99,1,1.182
116,84,2,1.0499
92,89,1,1.5634
101,82,1,1.565
109,63,1,1.3017
89,112,2,1.0945
80,99,1,1.6295
84,76,2,1.1165
119,81,1,1.6744
93,114,2,2.0467
118,61,2,1.51
63,90,1,0.88646
102,117,1,0.90781
112,64,2,1.039
105,111,2,1.2575
100,90,1,1.9473
63,65,2,1.0834
104,87,1,1.7067
62,79,1,1.2909
66,95,1,1.2799
82,89,1,1.1707
64,79,1,1.1599
104,83,1,1.1166
76,105,1,1.247
112,106,2,1.0396
67,81,1,1.2794
74,63,1,1.1613
101,81,2,1.0387
107,120,1,1.1374
66,85,1,1.3895
80,103,2,1.2258
64,82,1,1.2919
86,120,1,1.5316
66,105,1,1.7839
92,63,2,1.0942
84,70,2,2.2313
110,109,2,1.5747
71,117,1,1.0942
99,76,2,1.1166
103,113,2,1.9046
116,61,2,1.5967
79,97,1,1.3136
96,101,2,1.1926
108,79,2,1.826
70,103,1,1.1815
74,85,1,1.5312
99,107,2,1.0399
74,78,1,1.28
62,65,2,0.9741
115,88,2,1.5429
97,113,1,1.2372
73,75,1,1.0621
61,87,1,1.4553
118,64,2,1.4449
82,106,2,1.5424
89,102,2,1.4107
104,118,2,1.4449
109,89,1,1.7507
91,98,2,1.4441
120,64,2,1.4116
100,103,2,1.807
102,66,1,1.2368
100,62,2,1.2361
86,81,1,1.8932
109,94,2,1.6848
83,74,2,1.1381
99,79,2,1.7617
86,85,1,1.9909
107,74,1,0.96334
97,75,2,1.0846
115,95,2,1.0179
104,66,2,1.9253
92,99,1,0.86433
105,120,1,1.0829
111,119,2,0.96333
90,78,2,1.1053
112,85,1,0.89814
105,65,2,0.97365
111,82,1,0.83168
62,68,2,0.94068
98,103,2,1.0504
97,119,1,1.3467
66,71,2,0.72216
97,76,2,1.0387
102,78,1,1.3353
84,104,2,1.172
116,91,2,1.214
92,75,2,1.1278
97,71,2,1.4015
110,87,1,1.3566
66,61,2,1.4228
116,104,2,0.97439
69,77,2,1.2806
119,82,1,1.1703
95,76,2,1.5859
75,117,1,1.5095
96,77,2,1.1053
91,84,1,1.1597
80,92,2,1.1479
103,85,1,0.82054
111,90,1,1.1824
84,115,2,0.91909
89,103,2,1.0495
81,99,1,1.8169
102,91,1,0.88585
99,85,2,1.5209
64,86,1,1.2583
97,68,2,1.0065
89,108,2,1.3124
76,107,1,1.3124
64,73,1,1.576
87,103,2,1.6853
62,97,1,1.4105
90,68,2,1.4878
76,120,1,0.83192
116,75,2,0.678
119,88,1,1.1708
95,72,2,1.3885
80,83,2,1.4446
70,109,1,0.93047
62,108,1,1.3017
80,63,2,0.77759
118,113,1,0.90855
112,119,2,2.4521
81,118,2,1.4767
107,91,1,0.73309
120,97,2,1.4877
114,95,1,1.9148
64,77,1,2.1226
78,65,2,1.1503
90,80,2,1.3027
120,91,2,1.6743
114,118,2,1.838
78,85,1,1.871
82,71,2,1.0942
85,70,2,1.2035
99,66,2,0.88643
70,105,1,0.79928
74,113,1,1.3671
94,111,2,0.91947
108,107,2,1.1814
101,78,1,0.7663
67,64,2,0.8861
86,107,2,1.4011
61,74,1,0.8205
65,70,2,1.0284
75,69,1,0.9736
61,95,1,1.4785
119,113,2,1.6072
92,86,2,1.0512
94,107,2,0.88608
113,64,1,1.236
87,82,2,1.6084
106,92,1,1.1712
120,80,2,0.71124
107,97,1,1.0831
