<><><><><><><><> 
Begin: 27-Feb-2014 10:48:08 
Matlab version  8.2.0.701 (R2013b) 
Psychtoolbox version  3.0.11 - Flavor: beta - Corresponds to SVN Revision 4331
For more info visit:
https 
Subjid: s22 Run Number: 1 
<><><><><><><><> 
Columns info in data file: 
1. display side (left 1/right 0) 2. # indvd  3. # gend  
4. response (masc - 1 :: fem - 7) 5. RT  
<><><><><><><><> 
Columns info in (this) info file: 
1. Stimulus start time (from trial start) 2. Stimulus off-time(from stimulus start time) 
3. RT or max response duration, if no response (from stimulus start time) 
 
1.000 1.243 1.243 
0.349 1.340 1.340 
0.484 1.044 1.044 
0.250 1.041 1.041 
0.617 1.153 1.153 
0.467 0.701 0.701 
0.350 0.813 0.813 
0.367 1.537 1.537 
0.933 0.610 0.610 
0.750 0.780 0.780 
0.583 1.366 1.366 
0.934 0.697 0.697 
0.284 1.206 1.206 
0.801 1.104 1.104 
0.801 1.198 1.198 
0.651 1.128 1.128 
0.350 0.949 0.949 
0.685 0.806 0.806 
0.450 1.392 1.392 
0.316 1.138 1.138 
0.367 0.748 0.748 
0.918 0.617 0.617 
0.267 1.079 1.079 
0.401 1.263 1.263 
0.250 0.830 0.830 
0.550 1.515 1.515 
0.217 1.033 1.033 
0.918 0.934 0.934 
0.367 1.146 1.146 
0.284 0.714 0.714 
0.449 0.806 0.806 
0.567 1.063 1.063 
0.284 2.455 2.455 
1.001 0.751 0.751 
0.467 1.686 1.686 
0.434 0.989 0.989 
0.251 1.121 1.121 
0.450 1.041 1.041 
0.234 1.439 1.439 
0.601 0.909 0.909 
0.818 0.832 0.832 
0.701 1.785 1.785 
0.268 1.413 1.413 
0.266 0.774 0.774 
0.834 0.661 0.661 
0.934 1.139 1.139 
0.634 0.901 0.901 
0.283 0.650 0.650 
0.868 0.876 0.876 
0.467 2.720 2.720 
0.434 1.441 1.441 
0.801 0.849 0.849 
0.217 0.733 0.733 
0.250 0.868 0.868 
0.734 0.862 0.862 
0.685 1.509 1.509 
0.617 0.889 0.889 
0.785 1.185 1.185 
0.767 1.115 1.115 
0.834 0.983 0.983 
0.435 1.090 1.090 
0.750 1.250 1.250 
0.650 1.608 1.608 
0.517 1.357 1.357 
0.251 1.065 1.065 
0.834 0.601 0.601 
0.468 0.650 0.650 
0.684 1.272 1.272 
0.801 0.965 0.965 
0.284 1.187 1.187 
0.301 0.889 0.889 
0.651 1.259 1.259 
0.584 1.037 1.037 
0.917 0.780 0.780 
0.850 0.765 0.765 
0.784 0.684 0.684 
0.250 1.085 1.085 
0.266 1.948 1.948 
0.266 1.083 1.083 
0.835 1.152 1.152 
0.952 0.705 0.705 
0.751 0.666 0.666 
0.317 0.718 0.718 
0.785 0.823 0.823 
0.283 0.705 0.705 
0.300 1.164 1.164 
0.717 0.625 0.625 
0.468 0.934 0.934 
0.734 0.560 0.560 
0.801 0.792 0.792 
0.667 0.683 0.683 
0.801 0.587 0.587 
0.384 0.491 0.491 
0.784 0.757 0.757 
0.985 1.086 1.086 
0.902 0.660 0.660 
0.267 1.188 1.188 
0.501 0.851 0.851 
0.501 0.777 0.777 
0.750 0.732 0.732 
0.685 0.728 0.728 
0.835 0.587 0.587 
0.502 0.592 0.592 
0.368 0.975 0.975 
0.267 0.755 0.755 
0.817 0.658 0.658 
0.367 1.118 1.118 
0.517 1.891 1.891 
0.650 1.287 1.287 
0.384 0.730 0.730 
0.717 0.755 0.755 
0.585 0.985 0.985 
0.317 0.756 0.756 
0.833 0.695 0.695 
0.284 0.906 0.906 
0.434 0.711 0.711 
0.400 0.623 0.623 
0.633 1.045 1.045 
0.283 1.227 1.227 
0.534 1.055 1.055 
0.284 1.200 1.200 
0.300 1.128 1.128 
0.834 0.738 0.738 
0.434 1.171 1.171 
0.684 0.710 0.710 
0.968 0.717 0.717 
0.552 1.711 1.711 
0.768 1.269 1.269 
0.817 1.243 1.243 
0.551 0.753 0.753 
0.734 1.634 1.634 
0.283 1.385 1.385 
0.951 1.506 1.506 
0.351 1.318 1.318 
0.418 1.212 1.212 
0.850 1.223 1.223 
0.601 1.130 1.130 
0.818 0.751 0.751 
0.517 1.471 1.471 
0.418 1.159 1.159 
0.233 1.418 1.418 
0.734 1.760 1.760 
0.551 0.768 0.768 
0.567 1.225 1.225 
0.684 0.780 0.780 
0.251 0.813 0.813 
0.450 0.801 0.801 
0.818 1.219 1.219 
0.767 1.494 1.494 
0.300 0.680 0.680 
0.300 1.262 1.262 
0.284 1.593 1.593 
0.217 1.021 1.021 
0.534 0.730 0.730 
0.734 0.685 0.685 
0.785 0.566 0.566 
0.634 0.623 0.623 
0.284 0.755 0.755 
0.716 0.897 0.897 
0.300 0.886 0.886 
0.316 0.756 0.756 
0.284 1.736 1.736 
0.317 1.150 1.150 
0.335 0.610 0.610 
0.367 0.768 0.768 
0.452 1.414 1.414 
0.451 1.012 1.012 
0.383 0.613 0.613 
0.400 0.664 0.664 
0.918 1.619 1.619 
0.767 1.160 1.160 
0.651 0.674 0.674 
0.350 0.752 0.752 
0.368 0.753 0.753 
0.267 0.875 0.875 
0.935 1.228 1.228 
0.768 0.583 0.583 
0.651 0.828 0.828 
0.450 0.671 0.671 
0.333 0.751 0.751 
0.701 0.738 0.738 
1.001 0.920 0.920 
0.333 1.107 1.107 
0.416 0.929 0.929 
0.517 1.079 1.079 
0.267 0.705 0.705 
0.751 0.640 0.640 
0.517 1.121 1.121 
0.985 0.610 0.610 
0.533 0.755 0.755 
0.701 1.540 1.540 
0.334 1.569 1.569 
0.501 1.216 1.216 
0.334 1.005 1.005 
0.818 0.768 0.768 
0.902 0.910 0.910 
0.484 0.958 0.958 
0.750 1.237 1.237 
0.434 1.004 1.004 
0.633 0.801 0.801 
0.868 1.389 1.389 
0.685 0.937 0.937 
0.467 2.097 2.097 
0.450 1.280 1.280 
0.567 1.533 1.533 
0.534 0.918 0.918 
0.484 0.767 0.767 
0.651 1.355 1.355 
0.801 1.099 1.099 
0.550 0.681 0.681 
0.551 0.981 0.981 
0.300 1.873 1.873 
0.217 1.105 1.105 
0.433 0.968 0.968 
0.450 0.699 0.699 
0.734 0.837 0.837 
0.968 0.527 0.527 
0.950 0.581 0.581 
0.568 0.548 0.548 
0.400 1.028 1.028 
0.817 0.780 0.780 
0.816 0.787 0.787 
0.800 1.683 1.683 
0.800 1.184 1.184 
0.284 0.822 0.822 
0.750 0.934 0.934 
0.568 1.038 1.038 
0.366 1.270 1.270 
0.284 1.223 1.223 
0.867 1.054 1.054 
0.350 1.112 1.112 
0.334 0.865 0.865 
0.734 1.380 1.380 
0.918 1.325 1.325 
0.618 1.432 1.432 
0.769 0.755 0.755 
0.333 1.149 1.149 
0.967 1.308 1.308 
0.634 0.944 0.944 
0.751 1.383 1.383 
<><><><><><><><> 
Response (Std deviation):  2.54 
RT (mean):  1.03 
Consistency:  0.93 
<><><><><><><><> 
End: 27-Feb-2014 10:54:37 
