1,55,1,1,1,0.56348
0,117,2,2,1,0.55198
1,28,1,1,1,0.47608
0,49,1,1,1,0.49732
0,119,2,1,0,0.47539
0,22,1,1,1,0.71633
1,26,1,2,0,0.44252
0,31,1,1,1,0.31123
1,66,2,1,0,0.39907
0,64,2,1,0,0.48632
1,118,2,2,1,0.6078
0,62,2,2,1,0.51806
1,7,1,1,1,0.52985
0,16,1,1,1,0.9799
1,13,1,1,1,0.69553
0,119,2,2,1,0.59568
1,86,2,1,0,0.82816
1,25,1,NaN,NaN,NaN
0,57,1,1,1,0.6613
0,43,1,2,0,0.50806
1,29,1,1,1,0.72734
1,101,2,1,0,0.55285
1,4,1,1,1,0.50818
1,70,2,2,1,0.67313
0,80,2,2,1,0.66054
1,67,2,2,1,0.7604
0,22,1,1,1,0.54065
0,72,2,2,1,0.6507
1,19,1,1,1,0.54108
1,36,1,2,0,0.96895
0,52,1,1,1,0.39907
0,91,2,1,0,0.3214
1,115,2,2,1,0.45423
1,15,1,1,1,0.57417
0,83,2,2,1,0.51304
0,79,2,2,1,0.52495
0,60,1,1,1,0.48761
0,33,1,1,1,0.50937
0,88,2,2,1,0.68561
0,116,2,1,0,0.52998
1,39,1,1,1,0.519
1,65,2,2,1,0.54067
0,106,2,1,0,0.51785
1,78,2,2,1,0.68283
1,34,1,1,1,0.63945
1,51,1,1,1,0.67202
1,73,2,2,1,0.5743
0,87,2,1,0,0.529
1,42,1,1,1,0.4484
1,63,2,2,1,0.55096
0,37,1,1,1,0.47506
1,93,2,2,1,0.5744
1,31,1,1,1,0.50827
0,5,1,1,1,0.7046
1,80,2,2,1,0.5954
1,18,1,1,1,0.54074
0,44,1,1,1,0.63869
1,57,1,1,1,0.4988
1,93,2,1,0,0.33245
1,95,2,2,1,0.69409
1,3,1,1,1,0.40985
1,75,2,2,1,0.59484
0,23,1,1,1,0.57351
0,81,2,2,1,0.78111
0,55,1,1,1,0.49749
0,111,2,1,0,0.74902
0,47,1,1,1,0.48791
1,68,2,2,1,0.4969
1,16,1,1,1,0.5529
1,83,2,2,1,0.618
0,99,2,1,0,0.47441
1,114,2,2,1,0.77051
0,46,1,1,1,0.41076
0,15,1,1,1,0.42112
0,54,1,1,1,0.52924
0,85,2,2,1,0.56268
1,94,2,1,0,0.48653
1,117,2,2,1,0.81342
1,17,1,1,1,0.45352
1,73,2,2,1,0.65135
1,64,2,1,0,0.41005
0,28,1,1,1,0.68973
0,82,2,NaN,NaN,NaN
1,41,1,1,1,0.011027
0,9,1,1,1,0.6397
1,45,1,1,1,0.67228
0,1,1,1,1,0.6943
0,109,2,2,1,0.46978
1,104,2,2,1,0.71588
1,56,1,1,1,0.51917
0,45,1,1,1,0.62738
1,79,2,2,1,0.59565
1,106,2,2,1,0.5734
1,90,2,2,1,0.56282
1,6,1,1,1,0.60654
0,1,1,1,1,0.63966
0,111,2,2,1,0.61823
1,68,2,1,0,0.70489
0,69,2,2,1,0.80437
1,14,1,1,1,0.48616
1,96,2,2,1,0.75422
1,75,2,2,1,0.65084
1,96,2,2,1,0.56269
1,40,1,2,0,0.53011
0,27,1,1,1,0.5301
1,19,1,1,1,0.46381
1,2,1,1,1,0.4749
1,112,2,2,1,0.50298
1,67,2,2,1,0.60688
1,98,2,2,1,0.64088
0,77,2,1,0,0.69513
1,24,1,2,0,0.71601
0,113,2,2,1,0.48705
0,5,1,1,1,0.47545
1,7,1,1,1,0.4644
0,105,2,2,1,0.6285
1,85,2,2,1,0.56307
0,2,1,1,1,0.47517
1,70,2,2,1,0.5201
0,11,1,1,1,0.72609
0,112,2,1,0,0.68296
1,11,1,2,0,0.75965
1,107,2,1,0,0.51905
0,88,2,2,1,0.71168
1,94,2,2,1,0.60555
0,78,2,2,1,0.47548
0,20,1,1,1,0.59525
1,24,1,NaN,NaN,NaN
1,44,1,1,1,0.49734
1,100,2,1,0,0.86937
1,82,2,2,1,0.57387
0,34,1,1,1,0.6385
0,27,1,2,0,0.56185
1,60,1,1,1,0.77067
0,65,2,2,1,0.5958
0,50,1,1,1,0.50872
1,4,1,1,1,0.68218
0,36,1,1,1,0.50282
0,113,2,1,0,0.63942
1,108,2,1,0,0.63937
1,38,1,2,0,0.70672
0,120,2,1,0,0.45219
0,10,1,1,1,0.9121
1,51,1,1,1,0.6166
1,12,1,1,1,0.81355
0,97,2,2,1,0.66145
0,95,2,2,1,0.39869
1,32,1,1,1,0.59479
1,76,2,2,1,0.69472
0,71,2,2,1,0.60575
1,102,2,1,0,0.53044
0,48,1,1,1,0.81519
1,32,1,1,1,0.6722
1,62,2,2,1,0.59042
1,40,1,1,1,0.60664
0,84,2,1,0,0.62914
1,21,1,1,1,0.57318
0,81,2,2,1,0.48631
1,53,1,1,1,0.40937
1,115,2,1,0,0.52908
0,25,1,2,0,0.42171
0,71,2,2,1,0.55846
0,101,2,1,0,0.48627
0,23,1,NaN,NaN,NaN
0,37,1,1,1,0.5289
0,77,2,2,1,0.68345
1,109,2,1,0,0.67227
0,42,1,2,0,0.47709
0,26,1,1,1,0.50878
0,35,1,1,1,0.5141
0,110,2,1,0,0.39385
0,97,2,2,1,0.38797
1,43,1,1,1,0.48689
1,89,2,2,1,0.6063
0,63,2,1,0,0.33319
1,103,2,2,1,0.45328
0,100,2,1,0,0.51912
0,38,1,1,1,0.90208
0,58,1,1,1,0.40925
0,18,1,1,1,0.41063
0,105,2,2,1,0.41516
0,92,2,2,1,0.49192
0,8,1,1,1,0.64478
1,35,1,2,0,0.87464
1,114,2,1,0,0.47439
0,61,2,1,0,0.45347
1,41,1,2,0,0.5305
1,107,2,1,0,0.487
0,92,2,2,1,0.50291
0,6,1,1,1,0.50821
1,69,2,2,1,0.71622
0,3,1,1,1,0.58364
1,66,2,2,1,0.79961
0,59,1,1,1,0.46437
1,29,1,2,0,0.52903
0,30,1,1,1,0.54082
0,76,2,2,1,0.57364
1,86,2,1,0,0.42144
1,56,1,1,1,0.75382
1,102,2,2,1,0.64584
0,52,1,1,1,0.72257
0,10,1,1,1,0.60673
0,72,2,2,1,0.55161
0,21,1,1,1,0.56289
1,91,2,1,0,0.80324
0,54,1,2,0,0.45372
1,14,1,1,1,0.81433
1,58,1,1,1,0.62868
1,33,1,1,1,0.80401
1,74,2,2,1,0.69383
0,98,2,2,1,0.75001
1,103,2,2,1,0.60613
1,13,1,2,0,0.59654
1,74,2,1,0,0.48536
0,59,1,NaN,NaN,NaN
1,87,2,NaN,NaN,NaN
0,104,2,2,1,0.61915
0,90,2,2,1,0.7271
0,30,1,1,1,0.92433
0,50,1,1,1,0.63957
1,84,2,NaN,NaN,NaN
0,12,1,1,1,0.86941
1,46,1,1,1,0.54119
0,110,2,2,1,0.67181
0,20,1,1,1,0.55747
1,8,1,1,1,0.53488
1,49,1,NaN,NaN,NaN
1,118,2,1,0,0.011052
0,89,2,2,1,0.48639
1,9,1,1,1,0.52915
0,116,2,2,1,0.4748
0,99,2,2,1,0.84736
0,17,1,1,1,0.46458
0,120,2,1,0,0.71739
0,39,1,1,1,0.91321
1,48,1,1,1,0.89131
0,47,1,2,0,0.47452
0,61,2,2,1,0.74931
1,53,1,1,1,0.51888
0,108,2,2,1,0.66125
