21,25,2,1.218
55,51,2,1.2276
48,56,2,0.81022
41,59,2,0.98536
48,42,1,0.89772
46,58,2,0.75496
6,14,2,0.86449
29,11,1,0.86466
37,20,2,0.75495
50,10,1,1.193
39,33,1,1.3128
53,40,1,1.434
34,56,2,1.105
33,20,1,2.0902
1,12,2,1.4117
7,15,1,0.95242
17,35,2,1.2709
5,39,2,0.91019
13,30,1,1.2044
39,34,1,1.0407
58,13,2,0.88878
1,7,2,1.2933
53,24,1,1.2381
48,18,1,1.5768
32,28,2,0.95189
11,13,2,0.74515
40,25,1,1.9605
36,6,1,3.1669
30,20,2,1.7294
13,55,2,0.66833
18,11,1,0.63579
49,42,2,0.98519
4,18,1,1.1053
5,1,1,2.1456
48,29,1,1.0847
4,50,1,1.8064
11,24,2,2.4085
42,26,1,0.9531
54,56,2,0.66739
50,42,1,0.788
35,12,2,1.1055
11,23,2,1.0511
5,45,2,1.0941
31,46,2,0.8214
4,12,1,0.72132
23,60,2,0.68965
6,1,1,1.7083
52,41,1,0.76569
8,30,1,1.2875
5,44,2,1.0118
18,1,1,1.0505
32,24,1,0.89777
16,28,1,0.86392
26,41,1,2.0018
12,54,2,0.79871
8,59,1,0.87581
22,14,2,0.7003
10,32,1,0.98545
44,31,1,1.2591
36,56,2,0.76599
58,23,1,0.89792
46,41,1,0.89734
53,37,2,2.4076
14,21,1,1.5112
19,43,1,0.92999
36,22,1,2.1235
59,13,2,0.83147
50,33,2,0.91887
28,60,2,0.7444
45,18,1,1.9473
26,35,2,1.3241
58,5,1,1.0837
42,41,1,1.2045
28,58,2,0.77768
44,47,2,1.0728
32,39,2,1.1611
2,40,2,1.0183
54,3,1,0.88657
42,31,1,0.86475
9,13,2,0.79878
52,8,2,0.83204
42,12,2,2.167
39,45,2,0.679
48,4,2,0.80987
3,41,1,0.66775
49,11,1,1.0499
7,21,2,1.5865
10,45,1,1.2906
41,21,2,1.0725
8,55,1,1.9491
7,16,2,1.3564
36,54,2,1.0625
56,29,1,1.0076
13,15,1,0.952
55,59,1,1.161
26,11,1,2.0805
35,20,2,1.0509
37,1,2,1.5874
60,32,1,0.85369
1,33,2,1.2588
5,8,2,0.65722
40,44,2,0.99621
54,7,1,0.94139
9,55,2,0.74423
54,28,1,0.9954
12,11,2,2.375
14,2,1,1.2907
12,39,2,1.1061
24,14,2,0.80984
33,58,2,0.65663
22,18,2,0.77655
19,17,1,1.1383
4,14,1,0.89798
28,42,2,0.88682
22,15,1,0.90893
4,10,1,1.1493
12,45,2,1.083
8,11,1,0.85456
35,49,2,1.3022
50,3,1,0.9631
4,43,1,1.0934
7,51,2,1.248
58,38,1,0.85477
26,3,2,1.215
37,21,2,2.0801
5,15,2,1.3892
27,24,1,1.0392
47,40,1,1.1166
12,44,2,0.83116
26,18,2,0.73303
12,2,2,1.1381
48,45,2,0.73332
56,24,1,0.91893
3,48,2,0.73358
30,50,2,0.8317
23,56,2,0.74439
7,44,2,1.3242
9,53,2,1.2366
12,34,2,1.1161
25,22,2,1.3359
10,55,2,0.84262
13,40,1,1.0073
58,17,1,0.95219
24,42,2,0.92008
44,50,2,1.0287
57,12,1,0.98541
8,32,1,1.0619
21,43,1,1.0721
33,8,2,1.1382
52,55,2,0.8097
51,59,1,0.7004
50,55,2,0.88649
53,16,2,1.0181
36,49,2,1.1047
48,50,2,0.83214
46,24,1,0.64614
39,13,2,0.68983
5,47,2,0.87458
49,33,2,1.0611
29,55,2,0.85319
60,24,1,0.70138
58,55,1,1.0944
9,54,2,1.0946
37,12,1,0.79952
57,53,1,0.90831
2,37,2,1.0287
36,9,2,1.1499
57,16,2,1.0943
24,49,2,0.97379
1,23,1,0.94083
56,15,1,0.77715
1,3,1,1.139
14,51,2,0.87628
41,25,1,0.86511
48,7,1,1.0947
8,34,1,0.79952
50,46,2,1.0506
2,51,2,0.77726
54,40,1,0.83207
45,52,1,0.76673
15,57,2,0.68911
52,51,2,0.78817
58,42,1,0.98541
5,43,1,1.1274
29,36,1,2.4082
26,24,1,1.1265
38,54,2,0.70003
51,34,1,0.94191
19,54,2,0.67828
39,44,1,0.68966
54,53,1,0.79925
11,20,2,0.76656
57,28,1,0.98528
48,22,1,0.82092
57,51,2,0.8647
41,40,2,1.0181
17,25,1,0.87578
11,42,2,0.78782
28,26,2,0.77718
15,27,2,1.0172
37,4,2,0.71178
29,15,1,0.99652
19,59,2,0.7661
12,18,2,0.71129
39,29,1,0.91978
33,28,1,0.77699
9,3,1,1.7072
46,21,2,1.1054
32,59,2,1.0072
20,3,1,1.0616
50,49,1,1.007
7,38,1,1.0066
37,28,2,0.68906
33,56,2,0.80977
41,12,2,1.827
35,13,2,0.80992
54,2,1,1.2481
33,24,1,0.96312
50,59,1,0.89693
25,30,2,1.2696
4,39,1,1.0402
40,5,1,1.4981
28,9,2,1.1495
56,14,2,0.94123
19,60,2,0.66742
33,55,2,0.87513
10,40,1,0.9196
19,28,1,0.8536
23,36,2,0.99569
9,29,1,0.89683
54,48,2,0.54737
18,31,1,1.2141
19,10,2,0.65651
38,43,2,1.0944
13,21,1,0.89791
40,36,1,1.1269
42,17,1,0.89696
3,6,2,0.83109
48,19,2,0.71094
55,46,1,1.1817
54,60,1,1.5867
1,43,1,1.1924
59,3,1,0.72188
5,29,2,0.99625
13,44,2,0.81059
5,6,2,0.95238
7,57,2,0.59049
41,10,2,0.68909
30,54,2,0.56919
8,18,1,1.0825
49,10,2,0.63438
7,43,1,0.77758
33,45,2,0.66772
13,27,1,0.97522
58,25,1,0.84326
23,59,2,0.98459
17,45,2,0.67801
46,37,2,1.2257
25,47,2,0.88627
60,26,1,1.0289
20,38,1,1.2913
10,52,1,0.96252
46,39,1,0.84261
34,23,1,1.3899
27,55,2,0.72245
48,30,1,0.83151
43,14,2,0.88661
17,3,2,0.8534
47,51,2,0.77667
31,58,2,0.62367
15,24,1,0.78747
14,53,1,1.1494
37,19,2,0.73301
57,41,1,0.85385
39,37,2,0.68918
45,51,2,0.54688
29,26,2,0.55793
44,20,2,0.62422
60,38,1,0.80954
30,24,1,1.3571
1,58,2,0.64549
38,13,2,0.62354
59,53,2,0.56881
58,11,1,0.71127
7,59,2,0.87609
13,31,1,0.98515
14,41,1,0.86442
19,52,2,0.72213
14,57,2,0.70061
45,56,2,0.49302
20,52,1,1.1932
31,24,1,1.6747
4,55,2,0.53698
18,58,2,0.64579
27,4,2,0.51433
