16,48,2,1.3843
43,14,2,0.6556
18,9,1,0.60121
24,36,1,1.072
46,16,1,0.65684
6,1,2,0.7874
27,23,1,0.77685
32,17,1,0.84246
55,59,1,0.56906
16,40,1,0.61246
44,53,1,0.58004
51,50,1,0.71096
11,37,2,0.75436
5,29,2,1.5319
4,59,1,0.61232
55,48,1,0.65716
15,42,2,0.77679
17,54,2,0.65686
50,20,1,0.75551
41,24,2,1.225
34,35,2,0.87521
30,8,2,0.75535
58,7,1,0.63389
18,59,2,0.79912
11,1,2,0.54689
41,48,2,0.64512
52,54,2,0.73283
60,44,1,0.57943
21,53,1,1.1588
32,8,2,0.61289
26,12,1,0.92981
29,15,2,0.68948
35,20,1,0.83129
1,31,1,0.70074
45,7,1,0.63403
59,37,1,0.8096
23,49,2,0.678
34,20,2,1.5762
8,45,2,0.86512
36,29,2,0.91878
13,23,1,0.8644
30,17,1,0.87519
44,15,1,0.65648
37,40,1,1.0934
26,28,1,0.75565
12,33,2,0.72237
52,20,1,0.59095
14,50,2,0.66767
16,1,2,0.8104
12,23,2,0.87477
25,50,2,0.55774
13,15,1,0.60149
21,5,1,0.71097
45,19,1,0.52551
25,5,2,0.63397
30,2,1,0.76585
43,44,2,0.74358
53,2,1,0.82043
25,60,2,0.60199
22,12,2,1.2141
41,16,2,0.75411
46,48,2,0.71061
2,41,2,1.1597
56,34,1,0.62333
18,40,1,0.94014
21,52,1,0.98429
40,28,1,2.8645
26,18,2,1.0289
43,28,1,0.83174
12,55,2,0.60179
58,11,1,0.53568
39,29,1,0.68958
60,6,1,0.62341
38,1,2,0.79794
33,25,1,0.48083
16,9,1,0.85327
19,44,1,0.58019
5,33,2,0.79877
55,6,1,0.50385
8,37,1,0.6677
17,59,2,0.86425
55,19,1,0.43792
32,20,2,0.64552
44,59,1,0.51416
14,28,1,1.1493
33,4,2,0.70072
27,31,1,0.65609
45,48,1,0.48157
36,55,2,0.63429
18,32,1,0.62415
24,7,2,0.61327
20,41,1,0.86524
44,57,1,3.5232
32,28,2,0.66732
33,41,1,0.71059
57,22,1,0.53556
31,52,2,0.76555
51,7,1,0.56986
58,34,1,0.65583
7,25,1,0.82044
49,36,1,0.84242
46,7,1,0.65602
55,44,1,0.62336
17,49,2,0.77666
44,39,1,0.54665
8,27,1,0.86501
6,13,2,0.91888
4,34,1,0.6453
29,19,2,1.0715
59,21,1,0.51344
24,4,2,0.62354
49,18,2,0.71086
52,9,2,1.0059
8,48,2,1.0899
23,53,2,0.76526
1,24,1,0.65716
6,59,2,0.69007
37,48,2,0.73793
25,49,2,0.65761
27,53,2,0.87314
1,46,1,0.61454
33,44,2,1.2837
12,30,2,0.75047
49,60,2,0.88639
6,23,1,1.5961
49,43,1,1.1384
22,34,2,0.80933
29,31,1,1.6957
45,46,1,0.6672
13,29,1,0.62319
39,15,1,0.59129
29,59,2,1.0386
38,53,2,0.60205
31,56,2,0.6458
18,20,2,0.60107
12,2,2,0.80831
52,32,1,0.64297
59,46,2,0.99521
1,25,1,0.54448
48,43,1,0.58018
56,25,1,0.85204
45,52,1,0.57758
18,4,2,0.80862
17,50,2,0.67865
47,31,1,0.54637
58,2,1,0.55873
38,56,2,0.66741
6,19,2,0.89746
46,20,2,1.684
56,19,1,0.75574
51,43,1,0.85418
9,44,2,0.65709
52,19,2,0.80988
18,1,1,0.99548
17,21,2,0.84229
10,11,1,0.60122
13,45,2,0.84283
56,24,1,0.98453
57,33,1,0.67792
18,36,1,0.79868
20,53,2,0.77655
24,16,2,0.59066
41,14,2,0.82039
43,54,2,0.75452
27,59,2,0.75508
20,17,1,0.80939
4,42,1,0.6017
13,43,1,0.66765
31,11,2,0.6788
6,17,1,0.99513
32,13,2,0.70043
2,39,2,0.72207
26,19,2,0.72197
10,12,1,0.71142
11,4,2,0.63421
7,20,1,0.68893
2,4,2,0.67838
55,29,1,0.67835
54,15,1,0.54741
51,39,1,0.60175
21,60,2,0.70034
24,53,2,0.61253
39,36,1,0.74417
43,18,2,0.60092
12,51,2,0.57962
19,11,1,0.61311
20,14,1,1.1265
39,35,1,0.61263
6,28,1,0.97318
55,46,1,0.56943
32,59,2,0.68896
54,27,1,0.53595
13,35,1,1.0612
50,8,1,0.55796
13,41,1,0.57967
11,6,2,0.77726
8,44,1,0.53627
2,23,1,0.95124
35,12,1,0.59092
25,21,2,1.1594
31,10,2,0.69926
3,13,2,0.65698
43,56,2,0.59075
11,16,2,0.66755
60,7,1,0.55816
36,6,2,0.79834
2,51,2,0.67931
43,42,2,1.2582
32,2,1,1.0173
55,30,1,0.67735
7,53,1,1.2254
51,25,1,0.92925
7,29,1,0.7661
33,55,2,1.0174
20,2,1,0.90876
10,25,1,0.51377
1,32,1,0.67881
41,17,1,0.85332
23,9,2,0.95201
59,54,1,0.68895
39,30,1,0.78795
19,54,2,1.3999
23,5,1,1.1156
37,53,1,1.2577
42,51,2,1.0276
3,8,2,0.75561
47,30,1,0.92953
35,42,1,1.0827
30,37,1,1.4439
25,52,2,0.77719
21,50,2,0.7763
19,25,1,0.84199
53,12,1,0.90795
37,33,2,0.85375
8,4,2,1.1816
37,31,1,0.87524
45,60,1,1.6081
12,25,1,1.1485
7,33,2,1.2906
24,51,2,0.73304
17,2,2,0.90811
22,37,1,0.83145
32,27,2,0.97311
40,42,1,1.0718
51,9,1,0.77637
35,14,1,0.79862
47,34,1,0.64502
57,24,1,0.96327
49,53,1,1.0935
37,52,2,0.80923
39,14,1,0.65627
32,22,2,1.5536
24,31,1,0.6781
21,37,2,0.67884
27,4,1,0.63429
48,42,1,0.79876
51,57,2,1.1056
14,48,2,0.68856
29,3,2,1.7942
21,6,1,0.98476
5,54,2,0.71101
29,20,2,1.0168
36,57,2,0.71074
44,48,2,0.80964
19,12,1,0.72181
35,5,1,1.0504
46,17,1,1.2146
25,53,2,0.79792
48,58,1,0.6126
60,3,1,0.85365
10,33,1,0.97335
37,42,1,1.1814
55,27,1,0.9075
50,33,1,0.74357
48,52,1,0.72186
27,7,2,1.3673
31,25,1,0.918
40,59,1,0.7233
37,39,2,1.1817
23,7,2,0.74428
18,46,1,1.0612
43,34,1,1.2691
7,38,1,1.3237
60,47,1,0.99555
15,30,2,1.0175
36,35,2,0.82046
17,14,2,0.71107
40,50,2,0.86469
9,56,2,0.70079
46,39,2,0.9509
41,7,2,0.72157
5,6,2,1.0719
25,41,2,1.444
32,48,2,0.75433
22,56,2,0.64498
