<><><><><><><><> 
Begin: 27-Sep-2014 13:23:07 
Matlab version  8.2.0.701 (R2013b) 
Psychtoolbox version  3.0.11 
Subjid: s32 Run Number: 6 
<><><><><><><><> 
Columns info in data file: 
1. left indvd 2. # right indvd  
3. response (left - 1 :: right - 2) 4. RT  
<><><><><><><><> 
Columns info in (this) info file: 
1. Stimulus start time (from trial start) 2. Stimulus off-time(from stimulus start time) 
3. RT or max response duration, if no response (from stimulus start time) 
 
1.002 2.813 2.813 
0.534 0.821 0.821 
0.566 0.635 0.635 
0.251 0.833 0.833 
0.568 0.711 0.711 
0.451 0.690 0.690 
0.234 0.701 0.701 
0.318 0.777 0.777 
0.417 0.701 0.701 
0.585 1.226 1.226 
0.584 0.985 0.985 
0.267 1.598 1.598 
0.584 1.148 1.148 
0.583 1.346 1.346 
0.401 0.962 0.962 
0.517 2.736 2.736 
0.267 0.897 0.897 
0.368 0.744 0.744 
0.567 0.667 0.667 
0.518 1.160 1.160 
0.584 2.386 2.386 
0.468 0.865 0.865 
0.217 1.258 1.258 
0.534 1.203 1.203 
0.584 0.745 0.745 
0.467 0.821 0.821 
0.501 0.580 0.580 
0.501 0.909 0.909 
0.367 0.963 0.963 
0.468 0.733 0.733 
0.284 0.011 0.011 
0.484 0.952 0.952 
0.216 0.711 0.711 
0.318 0.580 0.580 
0.217 0.909 0.909 
0.233 0.657 0.657 
0.534 0.941 0.941 
0.484 0.602 0.602 
0.334 0.602 0.602 
0.583 0.744 0.744 
0.218 1.018 1.018 
0.384 1.029 1.029 
0.350 0.963 0.963 
0.517 0.679 0.679 
0.517 0.766 0.766 
0.284 1.051 1.051 
0.401 0.624 0.624 
0.383 1.312 1.312 
0.467 0.864 0.864 
0.484 0.789 0.789 
0.501 1.378 1.378 
0.318 0.876 0.876 
0.467 1.303 1.303 
0.467 0.558 0.558 
0.266 1.018 1.018 
0.250 0.613 0.613 
0.400 0.766 0.766 
0.584 1.992 1.992 
0.334 0.920 0.920 
0.434 1.269 1.269 
0.300 1.062 1.062 
0.501 0.733 0.733 
0.301 0.766 0.766 
0.401 0.974 0.974 
0.484 1.018 1.018 
0.551 0.547 0.547 
0.584 0.853 0.853 
0.417 0.744 0.744 
0.251 0.745 0.745 
0.267 0.733 0.733 
0.301 0.997 0.997 
0.534 0.809 0.809 
0.301 0.876 0.876 
0.535 1.335 1.335 
0.300 0.690 0.690 
0.568 1.006 1.006 
0.350 0.776 0.776 
0.285 0.843 0.843 
0.300 1.007 1.007 
0.451 1.160 1.160 
0.399 0.722 0.722 
0.350 0.908 0.908 
0.534 0.930 0.930 
0.433 1.324 1.324 
0.417 0.898 0.898 
0.567 1.007 1.007 
0.317 1.040 1.040 
0.500 0.875 0.875 
0.501 0.931 0.931 
0.350 0.975 0.975 
0.434 1.148 1.148 
0.234 0.919 0.919 
0.217 0.689 0.689 
0.417 0.898 0.898 
0.517 0.569 0.569 
0.583 0.810 0.810 
0.251 0.920 0.920 
0.433 0.711 0.711 
0.384 0.767 0.767 
0.201 1.018 1.018 
0.334 0.679 0.679 
0.267 1.139 1.139 
0.517 0.700 0.700 
0.334 0.689 0.689 
0.417 0.591 0.591 
0.267 0.559 0.559 
0.451 0.558 0.558 
0.300 0.887 0.887 
0.468 0.679 0.679 
0.483 1.664 1.664 
0.501 1.707 1.707 
0.383 1.510 1.510 
0.234 0.700 0.700 
0.300 0.613 0.613 
0.567 1.236 1.236 
0.267 0.897 0.897 
0.535 1.215 1.215 
0.417 0.963 0.963 
0.601 0.766 0.766 
0.233 1.357 1.357 
0.384 1.959 1.959 
0.250 1.138 1.138 
0.584 1.050 1.050 
0.201 0.853 0.853 
0.517 0.842 0.842 
0.534 0.799 0.799 
0.550 0.811 0.811 
0.233 1.183 1.183 
0.367 0.593 0.593 
0.300 0.887 0.887 
0.516 0.657 0.657 
0.367 0.613 0.613 
0.567 0.548 0.548 
0.268 0.952 0.952 
0.300 0.744 0.744 
0.267 0.646 0.646 
0.250 0.722 0.722 
0.551 0.865 0.865 
0.434 0.723 0.723 
0.418 1.237 1.237 
0.266 1.006 1.006 
0.550 0.974 0.974 
0.451 0.865 0.865 
0.350 1.587 1.587 
0.400 0.996 0.996 
0.367 0.938 0.938 
0.233 0.808 0.808 
0.301 1.132 1.132 
0.251 0.766 0.766 
0.283 0.820 0.820 
0.301 1.019 1.019 
0.368 0.908 0.908 
0.217 1.083 1.083 
0.567 1.095 1.095 
0.584 0.647 0.647 
0.401 1.127 1.127 
0.400 0.941 0.941 
0.334 0.657 0.657 
0.567 0.558 0.558 
0.351 0.909 0.909 
0.250 0.821 0.821 
0.518 0.788 0.788 
0.351 0.853 0.853 
0.301 1.018 1.018 
0.367 0.788 0.788 
0.249 0.952 0.952 
0.250 1.247 1.247 
0.584 2.878 2.878 
0.584 0.711 0.711 
0.434 0.865 0.865 
0.233 1.193 1.193 
0.301 0.799 0.799 
0.350 0.985 0.985 
0.534 1.237 1.237 
0.201 0.788 0.788 
0.218 0.766 0.766 
0.267 0.886 0.886 
0.467 0.745 0.745 
0.501 0.613 0.613 
0.467 0.821 0.821 
0.384 0.591 0.591 
0.417 0.952 0.952 
0.317 0.657 0.657 
0.501 0.909 0.909 
0.283 0.886 0.886 
0.483 0.843 0.843 
0.283 0.668 0.668 
0.350 0.766 0.766 
0.451 0.602 0.602 
0.517 0.722 0.722 
0.234 0.558 0.558 
0.567 0.821 0.821 
0.518 0.635 0.635 
0.400 1.161 1.161 
0.384 0.646 0.646 
0.384 0.901 0.901 
0.317 0.689 0.689 
0.400 0.690 0.690 
0.400 0.854 0.854 
0.533 1.631 1.631 
0.517 0.635 0.635 
0.467 0.690 0.690 
0.351 1.018 1.018 
0.534 0.602 0.602 
0.418 0.898 0.898 
0.350 0.592 0.592 
0.583 1.039 1.039 
0.551 0.722 0.722 
0.418 0.689 0.689 
0.450 0.800 0.800 
0.434 0.656 0.656 
0.284 0.646 0.646 
0.316 0.897 0.897 
0.384 0.897 0.897 
0.300 0.602 0.602 
0.534 0.526 0.526 
0.284 0.854 0.854 
0.300 0.635 0.635 
0.267 0.766 0.766 
0.299 0.656 0.656 
0.384 0.821 0.821 
0.333 0.580 0.580 
0.567 0.909 0.909 
0.367 0.887 0.887 
0.283 1.806 1.806 
0.567 0.767 0.767 
0.601 0.920 0.920 
0.384 1.083 1.083 
0.250 0.995 0.995 
0.300 1.095 1.095 
0.367 0.559 0.559 
0.433 1.281 1.281 
0.300 1.259 1.259 
0.450 0.678 0.678 
0.484 0.898 0.898 
0.284 1.083 1.083 
0.251 0.624 0.624 
0.318 0.920 0.920 
0.334 0.602 0.602 
0.367 0.854 0.854 
0.400 1.128 1.128 
0.234 0.919 0.919 
0.300 1.051 1.051 
0.518 0.820 0.820 
0.217 0.667 0.667 
0.568 0.592 0.592 
0.501 0.625 0.625 
0.399 0.897 0.897 
0.434 0.864 0.864 
0.300 0.963 0.963 
0.384 0.624 0.624 
0.583 1.182 1.182 
0.417 1.062 1.062 
0.416 1.062 1.062 
0.300 0.744 0.744 
0.400 0.591 0.591 
0.450 0.712 0.712 
0.467 0.941 0.941 
0.366 0.657 0.657 
0.350 0.613 0.613 
0.601 0.952 0.952 
0.217 1.139 1.139 
0.551 0.722 0.722 
0.567 1.073 1.073 
0.517 0.865 0.865 
0.250 0.963 0.963 
0.300 2.167 2.167 
0.334 0.645 0.645 
0.466 0.832 0.832 
0.250 1.533 1.533 
0.484 0.865 0.865 
0.250 0.799 0.799 
0.468 0.689 0.689 
0.401 1.029 1.029 
0.517 0.657 0.657 
0.483 0.635 0.635 
0.567 0.886 0.886 
0.551 1.674 1.674 
0.334 2.528 2.528 
0.484 0.547 0.547 
0.284 0.799 0.799 
0.217 0.744 0.744 
0.501 0.678 0.678 
0.401 1.172 1.172 
0.401 0.580 0.580 
0.568 0.953 0.953 
0.452 0.657 0.657 
0.450 0.613 0.613 
0.550 0.734 0.734 
0.518 1.051 1.051 
0.433 0.678 0.678 
0.267 0.887 0.887 
0.300 0.920 0.920 
0.551 1.127 1.127 
0.216 0.908 0.908 
<><><><><><><><> 
RT (mean):  0.92 
Consistency:  0.04 
Self Consistency:  0.80 
<><><><><><><><> 
End: 27-Sep-2014 13:29:45 
