<><><><><><><><> 
Begin: 27-Sep-2014 13:00:38 
Matlab version  8.2.0.701 (R2013b) 
Psychtoolbox version  3.0.11 
Subjid: s32 Run Number: 4 
<><><><><><><><> 
Columns info in data file: 
1. left indvd 2. # right indvd  
3. response (left - 1 :: right - 2) 4. RT  
<><><><><><><><> 
Columns info in (this) info file: 
1. Stimulus start time (from trial start) 2. Stimulus off-time(from stimulus start time) 
3. RT or max response duration, if no response (from stimulus start time) 
 
1.001 3.998 4.614 
0.534 1.466 1.466 
0.567 2.565 2.565 
0.251 1.749 1.749 
0.568 2.662 2.662 
0.450 2.738 2.738 
0.234 0.956 0.956 
0.317 0.912 0.912 
0.416 0.891 0.891 
0.584 1.641 1.641 
0.584 1.022 1.022 
0.268 0.576 0.576 
0.585 1.076 1.076 
0.584 0.667 0.667 
0.401 2.769 2.769 
0.517 1.083 1.083 
0.267 0.711 0.711 
0.368 0.886 0.886 
0.567 3.994 5.992 
0.517 1.292 1.292 
0.583 1.000 1.000 
0.467 1.369 1.369 
0.217 1.489 1.489 
0.534 1.207 1.207 
0.583 0.772 0.772 
0.468 1.260 1.260 
0.501 0.979 0.979 
0.501 1.142 1.142 
0.367 0.989 0.989 
0.467 0.968 0.968 
0.267 1.348 1.348 
0.484 0.859 0.859 
0.217 0.804 0.804 
0.318 1.924 1.924 
0.217 1.152 1.152 
0.250 1.087 1.087 
0.533 1.152 1.152 
0.484 1.857 1.857 
0.333 1.087 1.087 
0.584 0.805 0.805 
0.216 1.032 1.032 
0.384 1.478 1.478 
0.351 1.011 1.011 
0.501 3.999 6.003 
0.517 3.770 3.770 
0.284 1.402 1.402 
0.401 3.988 5.994 
0.384 1.390 1.390 
0.467 1.076 1.076 
0.484 0.696 0.696 
0.501 1.043 1.043 
0.317 0.750 0.750 
0.467 1.097 1.097 
0.468 0.978 0.978 
0.267 2.824 2.824 
0.250 0.934 0.934 
0.401 0.870 0.870 
0.584 1.023 1.023 
0.334 1.478 1.478 
0.434 0.913 0.913 
0.300 0.599 0.599 
0.500 0.816 0.816 
0.301 1.172 1.172 
0.401 0.783 0.783 
0.484 0.890 0.890 
0.567 0.891 0.891 
0.584 1.977 1.977 
0.417 0.913 0.913 
0.250 0.803 0.803 
0.267 0.782 0.782 
0.300 0.771 0.771 
0.534 0.793 0.793 
0.300 1.141 1.141 
0.533 1.162 1.162 
0.301 0.848 0.848 
0.568 0.652 0.652 
0.334 1.434 1.434 
0.284 0.827 0.827 
0.300 0.653 0.653 
0.451 0.901 0.901 
0.384 0.662 0.662 
0.350 0.739 0.739 
0.535 1.010 1.010 
0.434 0.651 0.651 
0.417 1.262 1.262 
0.567 1.044 1.044 
0.318 1.118 1.118 
0.501 1.012 1.012 
0.501 1.054 1.054 
0.350 0.761 0.761 
0.434 0.805 0.805 
0.234 0.826 0.826 
0.217 1.326 1.326 
0.417 1.227 1.227 
0.517 1.846 1.846 
0.583 0.011 0.011 
0.250 0.011 0.011 
0.434 1.314 1.314 
0.384 1.684 1.684 
0.200 0.011 0.011 
0.333 1.903 1.903 
0.266 1.097 1.097 
0.517 1.293 1.293 
0.334 0.869 0.869 
0.418 1.076 1.076 
0.267 0.576 0.576 
0.450 0.869 0.869 
0.301 0.837 0.837 
0.467 0.891 0.891 
0.484 0.827 0.827 
0.501 1.119 1.119 
0.384 1.109 1.109 
0.234 1.043 1.043 
0.300 0.979 0.979 
0.567 0.870 0.870 
0.267 0.956 0.956 
0.534 1.151 1.151 
0.418 1.403 1.403 
0.601 1.281 1.281 
0.234 1.337 1.337 
0.384 1.141 1.141 
0.250 1.358 1.358 
0.583 0.988 0.988 
0.201 1.293 1.293 
0.517 1.761 1.761 
0.534 1.423 1.423 
0.551 1.325 1.325 
0.233 0.869 0.869 
0.368 1.054 1.054 
0.300 0.902 0.902 
0.517 1.054 1.054 
0.367 0.858 0.858 
0.567 1.326 1.326 
0.267 1.869 1.869 
0.301 1.087 1.087 
0.266 1.456 1.456 
0.250 2.128 2.128 
0.551 0.967 0.967 
0.434 2.196 2.196 
0.418 2.336 2.336 
0.266 1.119 1.119 
0.551 0.534 0.534 
0.450 0.630 0.630 
0.350 1.315 1.315 
0.400 1.488 1.488 
0.368 3.987 5.992 
0.234 3.271 3.271 
0.300 0.782 0.782 
0.250 0.805 0.805 
0.284 1.033 1.033 
0.300 0.642 0.642 
0.367 1.054 1.054 
0.217 0.913 0.913 
0.567 1.577 1.577 
0.585 0.771 0.771 
0.401 0.946 0.946 
0.400 1.584 1.584 
0.334 0.997 0.997 
0.567 1.040 1.040 
0.350 0.997 0.997 
0.250 0.996 0.996 
0.517 1.346 1.346 
0.367 0.962 0.962 
0.300 0.930 0.930 
0.367 0.897 0.897 
0.234 1.258 1.258 
0.250 0.668 0.668 
0.584 1.652 1.652 
0.584 0.953 0.953 
0.434 1.051 1.051 
0.232 0.996 0.996 
0.300 0.985 0.985 
0.350 1.018 1.018 
0.535 2.068 2.068 
0.201 1.522 1.522 
0.217 1.182 1.182 
0.266 0.788 0.788 
0.467 0.853 0.853 
0.500 0.942 0.942 
0.466 1.237 1.237 
0.384 1.106 1.106 
0.418 2.079 2.079 
0.318 1.401 1.401 
0.501 0.853 0.853 
0.284 1.291 1.291 
0.484 1.620 1.620 
0.283 3.121 3.121 
0.350 0.963 0.963 
0.450 1.139 1.139 
0.517 1.478 1.478 
0.234 1.062 1.062 
0.568 1.643 1.643 
0.517 1.062 1.062 
0.401 1.588 1.588 
0.384 0.887 0.887 
0.383 1.073 1.073 
0.317 0.689 0.689 
0.401 0.734 0.734 
0.400 1.061 1.061 
0.533 0.679 0.679 
0.517 0.996 0.996 
0.467 1.084 1.084 
0.351 1.006 1.006 
0.533 0.592 0.592 
0.417 0.613 0.613 
0.350 0.624 0.624 
0.584 0.613 0.613 
0.551 0.744 0.744 
0.418 0.745 0.745 
0.451 0.624 0.624 
0.434 0.854 0.854 
0.284 0.887 0.887 
0.317 0.668 0.668 
0.384 0.755 0.755 
0.300 0.886 0.886 
0.533 1.050 1.050 
0.284 0.712 0.712 
0.300 1.062 1.062 
0.267 0.909 0.909 
0.300 0.810 0.810 
0.384 0.701 0.701 
0.333 0.866 0.866 
0.566 0.952 0.952 
0.368 1.226 1.226 
0.284 0.898 0.898 
0.568 0.711 0.711 
0.601 1.587 1.587 
0.384 1.795 1.795 
0.251 1.138 1.138 
0.300 1.193 1.193 
0.367 1.073 1.073 
0.434 1.106 1.106 
0.301 3.513 3.513 
0.450 1.149 1.149 
0.484 0.777 0.777 
0.284 0.787 0.787 
0.251 1.161 1.161 
0.317 1.040 1.040 
0.335 1.850 1.850 
0.367 1.029 1.029 
0.400 0.942 0.942 
0.235 1.390 1.390 
0.300 2.014 2.014 
0.517 0.952 0.952 
0.218 0.820 0.820 
0.568 0.996 0.996 
0.500 0.821 0.821 
0.400 2.374 2.374 
0.433 2.178 2.178 
0.300 1.029 1.029 
0.383 0.844 0.844 
0.584 1.029 1.029 
0.417 0.656 0.656 
0.417 0.832 0.832 
0.300 0.855 0.855 
0.401 1.292 1.292 
0.450 0.919 0.919 
0.468 1.315 1.315 
0.366 0.975 0.975 
0.351 0.843 0.843 
0.601 0.788 0.788 
0.216 0.832 0.832 
0.551 1.105 1.105 
0.567 0.876 0.876 
0.517 2.200 2.200 
0.234 1.094 1.094 
0.301 1.827 1.827 
0.335 1.017 1.017 
0.468 3.119 3.119 
0.251 0.964 0.964 
0.485 1.457 1.457 
0.250 2.068 2.068 
0.468 2.529 2.529 
0.400 0.952 0.952 
0.517 1.193 1.193 
0.483 1.029 1.029 
0.568 3.994 5.996 
0.551 2.682 2.682 
0.334 1.226 1.226 
0.483 1.904 1.904 
0.285 0.996 0.996 
0.217 1.149 1.149 
0.501 0.974 0.974 
0.400 1.510 1.510 
0.400 1.947 1.947 
0.567 1.302 1.302 
0.451 0.832 0.832 
0.451 1.204 1.204 
0.551 1.171 1.171 
0.518 1.149 1.149 
0.434 1.324 1.324 
0.267 1.128 1.128 
0.300 2.277 2.277 
0.550 1.214 1.214 
0.217 1.194 1.194 
<><><><><><><><> 
RT (mean):  1.19 
Consistency:  -0.01 
Self Consistency:  0.86 
<><><><><><><><> 
End: 27-Sep-2014 13:09:00 
