<><><><><><><><> 
Begin: 24-Oct-2014 13:41:26 
Matlab version  8.2.0.701 (R2013b) 
Psychtoolbox version  3.0.11 
Subjid: s46 Run Number: 2 
<><><><><><><><> 
Columns info in data file: 
1. left indvd 2. # right indvd  
3. response (left - 1 :: right - 2) 4. RT  
<><><><><><><><> 
Columns info in (this) info file: 
1. Stimulus start time (from trial start) 2. Stimulus off-time(from stimulus start time) 
3. RT or max response duration, if no response (from stimulus start time) 
 
1.001 1.844 1.844 
0.534 1.051 1.051 
0.568 1.543 1.543 
0.251 1.488 1.488 
0.568 1.127 1.127 
0.451 1.148 1.148 
0.250 1.051 1.051 
0.317 1.914 1.914 
0.417 0.952 0.952 
0.585 0.920 0.920 
0.584 1.445 1.445 
0.267 1.225 1.225 
0.584 0.985 0.985 
0.585 2.034 2.034 
0.401 2.046 2.046 
0.517 1.389 1.389 
0.266 1.269 1.269 
0.368 1.674 1.674 
0.566 0.820 0.820 
0.518 0.690 0.690 
0.583 0.689 0.689 
0.468 0.755 0.755 
0.216 1.093 1.093 
0.550 1.017 1.017 
0.584 1.237 1.237 
0.467 0.919 0.919 
0.501 0.766 0.766 
0.501 1.389 1.389 
0.366 1.740 1.740 
0.467 0.941 0.941 
0.266 1.028 1.028 
0.484 2.221 2.221 
0.216 1.510 1.510 
0.317 1.224 1.224 
0.217 1.257 1.257 
0.250 0.995 0.995 
0.534 1.225 1.225 
0.483 3.523 3.523 
0.334 1.149 1.149 
0.585 1.192 1.192 
0.217 2.713 2.713 
0.383 1.072 1.072 
0.350 1.903 1.903 
0.501 1.870 1.870 
0.518 2.079 2.079 
0.283 1.334 1.334 
0.401 1.466 1.466 
0.384 3.248 3.248 
0.467 1.356 1.356 
0.484 1.149 1.149 
0.499 1.564 1.564 
0.317 0.962 0.962 
0.467 0.798 0.798 
0.467 0.766 0.766 
0.267 1.487 1.487 
0.250 1.160 1.160 
0.400 1.269 1.269 
0.584 3.051 3.051 
0.335 0.974 0.974 
0.434 1.466 1.466 
0.284 2.899 2.899 
0.500 2.198 2.198 
0.300 1.116 1.116 
0.400 0.930 0.930 
0.484 1.050 1.050 
0.552 0.985 0.985 
0.584 1.410 1.410 
0.417 1.192 1.192 
0.250 1.116 1.116 
0.268 2.264 2.264 
0.300 1.039 1.039 
0.534 1.849 1.849 
0.301 3.051 3.051 
0.534 1.345 1.345 
0.300 1.006 1.006 
0.567 1.905 1.905 
0.350 2.504 2.504 
0.284 2.165 2.165 
0.301 1.171 1.171 
0.451 1.116 1.116 
0.384 1.181 1.181 
0.350 0.951 0.951 
0.534 1.040 1.040 
0.434 2.078 2.078 
0.418 1.924 1.924 
0.567 2.602 2.602 
0.317 1.028 1.028 
0.501 0.864 0.864 
0.501 0.831 0.831 
0.351 0.897 0.897 
0.434 2.472 2.472 
0.234 2.034 2.034 
0.217 1.204 1.204 
0.417 0.886 0.886 
0.517 2.022 2.022 
0.583 1.477 1.477 
0.250 1.061 1.061 
0.434 0.799 0.799 
0.383 0.722 0.722 
0.199 0.635 0.635 
0.334 0.547 0.547 
0.267 1.356 1.356 
0.517 0.668 0.668 
0.334 1.084 1.084 
0.417 0.667 0.667 
0.267 0.754 0.754 
0.450 0.973 0.973 
0.300 2.911 2.911 
0.467 1.192 1.192 
0.484 1.750 1.750 
0.500 1.159 1.159 
0.384 1.137 1.137 
0.234 1.061 1.061 
0.300 1.171 1.171 
0.567 0.853 0.853 
0.267 1.476 1.476 
0.533 1.061 1.061 
0.417 1.848 1.848 
0.601 1.432 1.432 
0.234 0.985 0.985 
0.384 1.466 1.466 
0.250 1.160 1.160 
0.584 1.345 1.345 
0.200 1.214 1.214 
0.517 1.215 1.215 
0.534 1.050 1.050 
0.551 0.963 0.963 
0.234 0.886 0.886 
0.368 0.831 0.831 
0.300 1.356 1.356 
0.517 1.237 1.237 
0.366 1.443 1.443 
0.567 1.029 1.029 
0.267 1.991 1.991 
0.301 1.520 1.520 
0.266 1.236 1.236 
0.251 1.083 1.083 
0.551 0.766 0.766 
0.433 1.017 1.017 
0.417 0.952 0.952 
0.266 1.018 1.018 
0.550 2.023 2.023 
0.450 1.728 1.728 
0.350 1.914 1.914 
0.400 1.137 1.137 
0.367 1.192 1.192 
0.232 1.629 1.629 
0.300 1.576 1.576 
0.251 1.291 1.291 
0.284 2.681 2.681 
0.300 1.455 1.455 
0.367 2.482 2.482 
0.217 1.411 1.411 
0.567 1.225 1.225 
0.583 1.324 1.324 
0.400 1.477 1.477 
0.400 1.608 1.608 
0.333 1.269 1.269 
0.567 0.843 0.843 
0.351 0.712 0.712 
0.251 0.985 0.985 
0.518 1.006 1.006 
0.351 0.875 0.875 
0.300 0.733 0.733 
0.368 0.679 0.679 
0.234 0.875 0.875 
0.250 1.017 1.017 
0.584 1.717 1.717 
0.584 2.188 2.188 
0.434 1.389 1.389 
0.233 1.575 1.575 
0.301 1.510 1.510 
0.350 1.203 1.203 
0.534 2.134 2.134 
0.201 1.520 1.520 
0.216 0.011 0.011 
0.267 1.587 1.587 
0.467 0.788 0.788 
0.500 0.886 0.886 
0.467 1.006 1.006 
0.383 1.368 1.368 
0.417 0.907 0.907 
0.317 0.646 0.646 
0.501 0.875 0.875 
0.284 0.798 0.798 
0.484 0.831 0.831 
0.268 0.930 0.930 
0.351 1.181 1.181 
0.451 3.367 3.367 
0.517 1.202 1.202 
0.233 0.929 0.929 
0.567 1.411 1.411 
0.516 1.203 1.203 
0.401 0.995 0.995 
0.383 2.079 2.079 
0.384 1.696 1.696 
0.333 0.732 0.732 
0.400 0.941 0.941 
0.400 1.104 1.104 
0.534 0.963 0.963 
0.517 1.651 1.651 
0.466 1.050 1.050 
0.351 0.011 0.011 
0.534 1.279 1.279 
0.417 0.984 0.984 
0.350 1.455 1.455 
0.583 2.307 2.307 
0.551 1.236 1.236 
0.418 1.344 1.344 
0.452 1.750 1.750 
0.434 1.181 1.181 
0.283 1.027 1.027 
0.317 1.324 1.324 
0.384 1.520 1.520 
0.300 1.083 1.083 
0.534 1.214 1.214 
0.284 1.455 1.455 
0.300 1.334 1.334 
0.267 1.137 1.137 
0.300 1.225 1.225 
0.383 2.395 2.395 
0.333 1.006 1.006 
0.567 1.290 1.290 
0.367 1.838 1.838 
0.284 2.483 2.483 
0.567 1.685 1.685 
0.600 1.346 1.346 
0.384 0.996 0.996 
0.250 0.995 0.995 
0.301 1.083 1.083 
0.368 0.755 0.755 
0.435 1.061 1.061 
0.300 2.406 2.406 
0.450 3.621 3.621 
0.483 0.788 0.788 
0.284 1.072 1.072 
0.251 1.576 1.576 
0.316 0.876 0.876 
0.334 1.695 1.695 
0.367 1.686 1.686 
0.400 1.225 1.225 
0.234 1.290 1.290 
0.301 1.269 1.269 
0.518 0.831 0.831 
0.217 1.028 1.028 
0.568 1.105 1.105 
0.500 0.821 0.821 
0.401 0.733 0.733 
0.434 1.050 1.050 
0.300 1.467 1.467 
0.384 1.280 1.280 
0.585 4.003 4.206 
0.417 2.374 2.374 
0.417 1.268 1.268 
0.300 0.951 0.951 
0.400 1.575 1.575 
0.450 1.084 1.084 
0.468 1.640 1.640 
0.366 2.230 2.230 
0.350 0.853 0.853 
0.601 1.061 1.061 
0.217 1.454 1.454 
0.550 1.236 1.236 
0.567 1.116 1.116 
0.517 1.094 1.094 
0.234 1.006 1.006 
0.300 0.918 0.918 
0.333 0.919 0.919 
0.467 0.821 0.821 
0.251 1.378 1.378 
0.483 0.886 0.886 
0.250 0.820 0.820 
0.467 2.285 2.285 
0.400 0.766 0.766 
0.517 1.423 1.423 
0.484 1.858 1.858 
0.568 1.247 1.247 
0.566 1.641 1.641 
0.334 1.324 1.324 
0.484 1.400 1.400 
0.284 3.992 4.081 
0.216 1.324 1.324 
0.501 1.367 1.367 
0.402 1.301 1.301 
0.400 0.821 0.821 
0.567 1.477 1.477 
0.450 0.777 0.777 
0.450 0.940 0.940 
0.550 2.746 2.746 
0.516 1.127 1.127 
0.434 1.105 1.105 
0.283 2.156 2.156 
0.300 1.892 1.892 
0.551 1.060 1.060 
0.217 0.886 0.886 
<><><><><><><><> 
RT (mean):  1.36 
Consistency:  0.42 
Self Consistency:  0.79 
<><><><><><><><> 
End: 24-Oct-2014 13:50:14 
