39,54,2,2.0903
35,36,1,0.854
39,18,2,0.6237
43,21,2,1.1162
26,60,2,0.76627
28,4,2,0.60154
9,35,1,0.92992
12,3,2,0.93276
28,49,2,0.69021
48,47,2,0.58293
50,52,1,0.78779
6,47,2,0.61276
50,14,1,0.64574
32,30,2,0.76585
58,39,1,1.0397
42,31,1,0.853
32,40,2,0.88627
12,17,1,0.79848
7,9,1,0.65596
59,5,2,0.77626
37,23,2,1.0838
45,16,2,1.1493
15,60,2,0.76593
45,48,1,0.7333
8,42,2,0.72205
44,23,1,1.532
26,47,2,0.74375
4,55,2,0.96351
14,58,2,0.94207
44,25,1,0.7333
13,41,1,1.1268
25,30,2,0.73315
48,35,1,0.87518
55,26,1,0.60185
14,9,1,0.84233
52,32,1,1.5212
47,58,1,0.60208
50,1,2,1.3684
48,26,1,0.82151
4,29,1,0.74528
2,11,1,1.3231
1,28,1,0.97385
6,8,2,1.0832
39,16,1,0.85309
20,1,1,1.0712
42,53,1,0.88677
27,10,2,0.95213
1,49,2,0.86504
18,16,2,1.4875
27,38,1,1.6185
26,14,2,1.3674
32,23,2,1.6633
38,6,1,1.4
26,54,2,0.55811
44,55,2,0.90896
54,38,1,0.70026
20,7,1,0.67812
53,33,2,0.85304
24,4,2,1.0833
28,16,2,0.79873
17,7,2,0.72285
30,2,2,0.5921
60,11,1,0.68946
21,30,1,0.76574
1,38,1,0.88591
35,33,2,0.65662
8,45,1,0.94057
26,1,2,0.79828
34,28,1,0.90833
10,8,1,0.85319
37,38,1,0.7979
33,16,1,0.69004
51,10,2,1.3017
13,2,1,0.72241
37,41,1,1.0613
52,11,1,0.80974
37,48,2,0.55909
19,34,1,1.2045
60,45,1,0.67918
30,46,2,0.59154
31,45,2,0.60145
36,24,2,0.010985
43,19,2,1.0294
57,53,1,1.0283
10,37,1,0.89698
22,32,1,1.6735
17,3,2,0.64517
12,33,2,1.0607
23,7,2,0.71099
47,20,1,0.73394
53,1,2,0.66764
57,19,1,0.79877
36,32,1,0.99513
3,58,2,0.60181
43,15,1,0.66785
28,59,2,0.53597
56,23,1,0.58007
12,7,2,0.52502
20,22,1,0.44865
26,32,1,0.77696
51,2,1,0.53626
26,38,1,0.94061
16,47,1,0.68923
56,57,1,0.67838
42,30,2,0.67874
24,34,1,0.65658
56,19,1,0.51388
57,12,1,0.71132
14,1,2,0.63512
35,60,2,0.64505
7,21,2,0.82075
15,10,2,0.60221
47,5,1,0.70062
14,38,1,0.82152
3,41,1,0.84212
29,14,1,0.89684
17,23,1,0.60128
19,24,1,0.82166
2,15,1,0.68876
20,12,1,0.96226
53,2,2,1.2255
5,54,2,0.64629
57,26,1,0.67827
6,55,2,0.57992
34,38,1,1.0403
18,2,1,0.64532
15,48,2,0.45934
17,51,2,0.59058
50,38,1,0.67882
24,3,2,0.98562
51,57,1,0.7328
40,37,1,1.641
28,43,1,0.72206
17,44,2,0.60144
20,57,2,1.1484
45,52,1,0.70027
41,19,2,0.55782
53,28,1,0.76569
52,36,1,0.85364
10,28,1,1.008
41,14,2,0.7442
26,11,1,1.5317
41,18,2,0.74399
58,17,1,0.79901
14,10,2,1.0282
54,55,2,1.04
27,50,2,0.61288
52,57,2,1.1053
45,24,1,0.66778
55,52,1,0.60196
49,51,2,0.55825
9,13,1,0.70052
12,58,2,0.86425
17,16,2,0.91955
60,6,2,0.55794
55,21,1,0.86427
56,10,2,0.53574
23,2,1,0.97334
40,57,2,1.1821
46,31,1,0.58002
29,53,2,1.4994
34,1,2,0.82144
58,57,1,0.85335
14,18,2,0.66686
27,47,2,1.007
38,20,2,0.83179
49,46,2,0.80931
58,20,1,0.66751
5,48,2,0.53623
11,14,2,0.91896
4,30,1,0.59024
39,9,2,0.75491
15,55,2,0.69995
6,57,2,0.73315
7,26,1,0.78748
25,34,2,0.87497
7,43,1,0.83167
31,13,2,0.82056
17,15,2,1.1388
9,33,2,0.63449
51,35,1,0.55805
38,7,2,0.56899
35,5,1,0.89796
52,15,1,0.96321
20,10,2,0.54722
32,12,1,1.2586
33,22,1,0.56894
47,8,2,0.74394
39,28,1,0.54694
33,10,2,0.45939
26,49,2,0.87517
29,7,2,0.56889
9,34,2,1.3786
28,24,1,2.1441
30,36,1,0.87599
54,28,1,1.2254
5,40,2,1.1707
30,35,1,1.411
53,38,1,1.0283
19,29,1,0.92999
43,17,1,0.7883
44,59,1,0.84319
23,16,2,0.59089
18,45,2,0.74428
34,26,1,0.85383
38,57,2,0.5917
56,55,1,0.9087
25,46,2,0.64576
2,14,1,1.0498
36,3,1,0.996
5,33,2,1.0955
48,3,1,0.82178
19,5,1,0.80989
23,36,2,0.89824
55,29,1,1.0717
38,9,2,0.94111
18,17,1,0.84233
37,47,2,0.66814
12,22,2,0.94131
13,33,1,0.62451
25,51,2,0.96287
50,32,1,0.68875
58,23,1,0.72165
2,4,2,0.54769
19,55,2,0.71131
13,5,2,0.83235
4,21,1,1.039
29,34,1,0.79878
7,19,1,0.82145
49,12,2,1.2028
53,20,1,1.3896
16,32,1,0.92983
21,51,2,1.2146
46,6,1,0.75508
23,28,2,1.6746
25,60,2,0.58012
11,15,2,1.0386
57,55,2,0.99529
28,44,2,0.80957
26,53,2,0.67004
38,16,2,0.86401
27,15,1,0.8031
45,39,2,0.90825
19,2,1,1.0179
54,45,1,1.0608
2,55,2,1.1605
50,48,1,2.4417
2,28,1,1.1811
21,8,1,2.4179
54,40,1,0.86477
12,26,1,1.6847
23,13,1,0.83263
7,24,2,1.0174
16,21,2,0.67891
26,58,2,0.77703
19,39,1,0.9861
3,1,1,0.81078
43,22,2,0.65699
8,24,1,0.64582
5,43,2,0.69997
33,19,2,0.56909
3,44,1,1.0609
14,59,2,0.9848
33,52,1,0.67848
54,27,2,0.76627
25,50,2,0.81012
42,43,1,0.70097
47,32,1,0.91945
13,25,1,1.0075
23,4,2,0.66726
42,37,2,0.83159
17,50,2,0.83202
14,33,2,0.99602
34,52,1,0.96292
7,54,2,0.73327
1,47,2,0.65639
10,54,2,1.3232
40,60,2,0.77676
26,21,2,0.85295
53,35,1,1.0501
54,52,1,1.3027
18,32,1,0.72227
3,9,1,0.79918
8,33,2,0.83174
13,58,2,0.8973
39,38,1,0.91856
46,44,1,1.0722
39,10,2,0.87505
41,23,1,1.2253
13,39,1,0.66773
37,50,2,0.88578
24,59,2,0.76599
16,58,2,0.68895
27,43,1,0.71195
42,15,1,0.84215
