75,101,1,1.3584
110,90,1,0.82095
96,109,2,0.7667
92,78,2,0.67882
95,75,2,0.84352
68,108,1,1.215
95,113,2,1.4783
83,80,1,1.1166
107,76,1,1.4672
73,91,1,1.7737
119,102,2,0.89778
104,116,1,1.0513
71,117,1,2.0497
86,92,2,1.413
70,71,1,1.1388
68,90,1,0.76654
72,94,1,1.5874
67,82,1,1.0837
68,106,2,1.511
82,88,2,0.95271
97,113,1,0.99661
90,89,2,0.7232
100,120,1,1.0952
79,105,1,2.1129
114,90,1,0.99577
103,80,1,0.85392
74,106,1,0.76605
110,85,1,0.91963
75,107,1,1.4785
63,101,2,1.412
84,111,2,2.3099
64,86,2,1.3147
105,115,2,1.2167
107,74,2,1.2605
102,111,1,1.062
64,110,2,1.7297
84,118,1,1.2373
103,87,1,0.89734
119,74,2,1.4121
100,66,2,1.4018
109,63,1,1.6659
97,75,2,1.0179
106,62,2,2.4535
118,97,1,1.1493
95,73,2,1.0732
82,78,2,0.93033
117,62,2,1.4777
85,116,1,1.1825
81,119,1,1.4573
83,62,2,1.6535
73,75,2,1.2396
86,65,2,1.2382
90,109,2,0.95438
115,66,2,1.2488
62,99,1,0.86455
94,116,1,1.0075
91,75,2,0.90835
111,100,2,0.87616
73,61,2,1.0289
96,115,2,1.0621
105,72,2,0.99597
69,80,2,1.0406
91,86,2,1.7285
101,120,1,1.0622
69,106,2,1.3577
99,102,2,1.347
71,78,2,0.87683
112,77,2,1.0516
72,69,1,1.0626
62,93,1,1.8949
61,67,1,1.2918
114,82,1,1.1938
67,113,1,1.292
120,107,2,1.1609
77,83,2,1.4239
66,71,1,0.84351
90,111,2,1.0075
82,95,1,2.2331
83,102,2,1.3352
81,92,2,1.1821
108,114,1,1.1387
97,95,1,1.1823
71,92,2,1.4995
99,68,2,1.0073
98,72,2,1.4015
115,76,2,1.2597
67,75,2,0.94119
100,93,2,0.91957
102,82,1,0.84299
66,94,2,0.87602
105,70,2,0.91973
87,75,2,0.96286
63,94,2,0.95291
86,85,1,1.4116
104,62,1,0.89815
97,90,1,1.0513
100,103,2,1.9815
76,80,1,0.79884
104,102,2,1.4774
116,90,1,1.161
62,89,1,1.6205
71,84,1,1.2045
113,93,2,0.99619
71,104,2,0.89787
109,113,1,1.4121
101,64,2,1.0069
80,88,1,1.0953
108,85,1,1.2701
107,65,2,1.3243
115,68,2,1.0727
70,119,1,0.97401
74,116,1,2.8914
104,83,1,1.2368
68,74,2,0.94147
97,109,2,1.1605
114,107,2,1.3027
102,91,1,1.5539
98,64,1,1.6308
112,86,2,1.1604
113,84,1,1.5324
88,91,1,2.5508
114,85,1,0.96415
86,120,1,1.1165
83,116,2,1.0614
93,80,1,1.1385
113,72,2,1.2038
85,93,2,0.9419
89,95,2,1.6858
87,104,2,1.171
112,101,1,1.7296
98,83,1,1.0729
117,78,2,1.8939
76,96,2,1.7182
62,102,2,1.5874
107,66,1,1.292
77,75,2,1.9599
105,119,2,1.4121
114,75,2,0.79955
119,93,1,0.94106
72,76,1,1.1172
88,73,2,0.91966
103,91,1,1.9601
116,118,2,1.4456
61,71,2,1.04
75,78,1,1.0949
109,118,2,1.3479
99,90,1,1.2055
94,104,1,3.9518
101,116,2,1.1606
102,85,1,2.1681
64,97,1,1.226
113,77,2,0.67918
93,89,1,1.4231
110,87,1,1.0836
63,114,2,0.79904
82,83,2,0.98574
65,105,1,1.1057
94,64,2,1.0408
84,73,2,1.2498
96,112,1,1.8072
81,73,1,1.5555
118,99,2,1.2924
78,111,1,1.2156
94,100,1,1.2592
101,70,2,1.0186
102,63,2,1.0084
77,95,1,1.6545
73,82,2,2.4318
86,62,1,1.8085
117,106,1,1.0194
67,80,1,1.1833
100,106,1,1.3465
103,98,1,1.3583
106,91,1,2.1585
98,111,2,1.6112
86,115,1,1.1834
64,67,1,1.3602
87,107,2,3.8134
114,89,1,1.2168
105,81,1,1.8089
89,110,1,2.2886
98,97,2,1.172
81,62,2,0.96392
100,113,1,0.73375
80,119,2,0.84305
117,79,1,1.445
118,108,1,1.6538
61,112,1,1.1387
119,115,2,1.2482
95,111,1,1.1387
98,74,2,0.91963
67,79,1,2.5082
89,82,2,1.2812
115,104,1,1.445
113,94,2,2.0588
61,110,2,1.3255
99,64,1,1.0838
84,74,2,1.6312
101,65,2,0.9972
105,113,1,1.0072
91,72,2,2.1583
62,77,2,0.98524
74,64,1,1.467
104,98,1,0.89709
69,107,2,1.1169
96,104,2,0.85425
112,76,2,1.1932
96,120,1,0.98534
62,65,2,1.0511
83,88,2,1.0191
98,93,1,1.4461
91,76,2,0.8653
107,104,2,1.1393
115,64,2,2.0908
111,119,2,0.95288
86,90,1,1.4122
98,101,2,3.395
118,61,2,0.67953
112,85,1,0.81083
65,104,2,0.52705
84,83,2,0.85498
113,107,2,0.74536
81,91,1,1.4242
64,62,2,0.98509
109,80,1,1.0294
88,107,2,0.94207
114,86,2,0.85409
88,118,1,0.7882
66,120,1,1.1494
65,109,1,1.4898
119,79,1,1.3793
73,71,2,1.1169
61,84,1,1.0839
63,80,1,0.97419
93,92,2,0.88598
71,83,2,1.0736
85,104,2,0.85398
71,107,2,1.0835
65,82,1,0.88671
105,83,2,1.2152
70,77,1,0.95304
84,86,1,1.3693
112,95,2,0.96652
72,106,2,1.0302
105,102,2,1.0194
115,77,2,1.2925
70,99,1,0.86566
109,88,2,1.1933
120,91,2,1.0515
82,112,2,1.2267
80,110,2,0.97403
108,120,1,1.0945
103,119,1,1.0834
88,66,2,0.84312
80,115,2,1.1935
104,73,1,0.92028
95,114,2,1.9596
86,61,2,0.80976
115,102,2,0.78853
116,103,1,1.1823
90,117,2,0.88677
77,64,1,1.0519
61,111,1,0.95293
87,72,2,0.72282
69,75,2,1.1162
74,120,1,1.1169
76,118,1,0.87665
103,102,2,0.95206
95,104,2,0.66772
116,86,2,0.95336
65,110,1,1.0961
111,92,1,1.0516
77,63,1,0.98605
66,83,1,0.71168
108,94,2,0.71195
90,107,2,0.54704
79,71,1,0.83263
69,62,2,2.178
77,79,1,0.84298
82,81,2,0.85432
73,68,1,0.96326
85,81,2,0.97427
77,82,1,1.0728
94,78,2,0.88627
63,84,2,1.1287
92,119,2,1.0513
82,94,1,1.1166
110,111,1,0.81049
100,64,2,1.4453
71,75,1,1.0622
92,66,2,0.90814
113,112,1,1.3798
84,81,2,1.0185
96,111,2,1.2272
61,78,2,0.96347
