<><><><><><><><> 
Begin: 02-Oct-2014 12:16:09 
Matlab version  8.2.0.701 (R2013b) 
Psychtoolbox version  3.0.11 
Subjid: s31 Run Number: 1 
<><><><><><><><> 
Columns info in data file: 
1. left indvd 2. # right indvd  
3. response (left - 1 :: right - 2) 4. RT  
<><><><><><><><> 
Columns info in (this) info file: 
1. Stimulus start time (from trial start) 2. Stimulus off-time(from stimulus start time) 
3. RT or max response duration, if no response (from stimulus start time) 
 
1.000 2.973 2.973 
0.532 3.988 4.551 
0.567 2.033 2.033 
0.250 1.082 1.082 
0.566 3.104 3.104 
0.451 1.125 1.125 
0.233 1.399 1.399 
0.317 1.420 1.420 
0.417 1.486 1.486 
0.584 1.279 1.279 
0.584 1.410 1.410 
0.267 1.356 1.356 
0.584 1.738 1.738 
0.584 1.148 1.148 
0.401 0.940 0.940 
0.517 2.142 2.142 
0.267 1.727 1.727 
0.367 1.093 1.093 
0.567 2.437 2.437 
0.517 2.339 2.339 
0.584 2.121 2.121 
0.467 2.459 2.459 
0.217 1.464 1.464 
0.534 1.990 1.990 
0.584 2.668 2.668 
0.467 1.103 1.103 
0.501 1.520 1.520 
0.501 2.350 2.350 
0.367 1.868 1.868 
0.467 2.437 2.437 
0.267 2.723 2.723 
0.483 3.476 3.476 
0.217 0.984 0.984 
0.317 1.977 1.977 
0.217 2.229 2.229 
0.234 2.524 2.524 
0.534 2.799 2.799 
0.484 1.072 1.072 
0.334 2.417 2.417 
0.584 2.021 2.021 
0.216 1.836 1.836 
0.384 1.704 1.704 
0.350 1.081 1.081 
0.501 4.001 4.103 
0.517 1.225 1.225 
0.284 1.442 1.442 
0.401 1.083 1.083 
0.384 1.323 1.323 
0.467 1.071 1.071 
0.484 0.677 0.677 
0.500 0.940 0.940 
0.317 0.831 0.831 
0.467 0.885 0.885 
0.467 0.765 0.765 
0.268 0.907 0.907 
0.250 0.974 0.974 
0.400 0.972 0.972 
0.584 1.487 1.487 
0.334 1.519 1.519 
0.433 1.301 1.301 
0.284 0.951 0.951 
0.501 1.028 1.028 
0.300 1.202 1.202 
0.400 1.432 1.432 
0.484 0.754 0.754 
0.567 0.699 0.699 
0.584 0.754 0.754 
0.417 1.039 1.039 
0.251 1.017 1.017 
0.267 1.180 1.180 
0.300 1.016 1.016 
0.534 0.766 0.766 
0.299 0.830 0.830 
0.533 0.864 0.864 
0.300 2.616 2.616 
0.567 0.634 0.634 
0.334 1.630 1.630 
0.283 1.071 1.071 
0.299 1.005 1.005 
0.450 1.443 1.443 
0.384 3.630 3.630 
0.349 0.951 0.951 
0.534 0.885 0.885 
0.435 0.952 0.952 
0.416 2.721 2.721 
0.567 0.994 0.994 
0.317 0.896 0.896 
0.501 0.929 0.929 
0.500 1.018 1.018 
0.351 3.421 3.421 
0.434 0.984 0.984 
0.233 1.748 1.748 
0.216 0.962 0.962 
0.418 2.384 2.384 
0.517 0.951 0.951 
0.584 1.782 1.782 
0.250 1.749 1.749 
0.433 1.912 1.912 
0.384 2.501 2.501 
0.200 1.192 1.192 
0.334 3.365 3.365 
0.268 0.875 0.875 
0.517 1.016 1.016 
0.334 0.809 0.809 
0.417 1.159 1.159 
0.268 1.805 1.805 
0.450 0.896 0.896 
0.300 0.864 0.864 
0.467 0.689 0.689 
0.484 1.771 1.771 
0.501 1.224 1.224 
0.384 3.989 4.639 
0.234 1.170 1.170 
0.300 0.950 0.950 
0.567 1.661 1.661 
0.267 0.918 0.918 
0.533 0.776 0.776 
0.417 1.060 1.060 
0.601 0.710 0.710 
0.234 1.455 1.455 
0.384 0.895 0.895 
0.250 1.694 1.694 
0.584 1.038 1.038 
0.200 1.857 1.857 
0.517 1.498 1.498 
0.533 0.941 0.941 
0.551 0.744 0.744 
0.233 1.006 1.006 
0.367 0.821 0.821 
0.300 0.841 0.841 
0.517 0.677 0.677 
0.384 0.952 0.952 
0.567 0.819 0.819 
0.283 0.875 0.875 
0.301 0.929 0.929 
0.267 0.875 0.875 
0.250 0.908 0.908 
0.551 0.873 0.873 
0.434 1.574 1.574 
0.417 0.886 0.886 
0.267 2.809 2.809 
0.551 0.929 0.929 
0.451 0.962 0.962 
0.350 0.722 0.722 
0.401 0.810 0.810 
0.367 0.984 0.984 
0.234 2.252 2.252 
0.301 1.694 1.694 
0.250 1.509 1.509 
0.284 2.112 2.112 
0.301 1.728 1.728 
0.367 2.317 2.317 
0.216 1.094 1.094 
0.567 1.715 1.715 
0.584 1.104 1.104 
0.400 1.071 1.071 
0.400 0.754 0.754 
0.333 0.765 0.765 
0.567 0.798 0.798 
0.350 1.346 1.346 
0.250 2.558 2.558 
0.516 1.683 1.683 
0.351 1.979 1.979 
0.300 1.312 1.312 
0.367 1.957 1.957 
0.233 1.312 1.312 
0.250 1.289 1.289 
0.584 2.382 2.382 
0.585 0.678 0.678 
0.434 0.841 0.841 
0.234 1.857 1.857 
0.300 0.820 0.820 
0.350 0.940 0.940 
0.534 1.103 1.103 
0.201 1.017 1.017 
0.217 1.071 1.071 
0.267 0.875 0.875 
0.467 0.951 0.951 
0.500 1.542 1.542 
0.467 1.038 1.038 
0.384 1.585 1.585 
0.417 0.974 0.974 
0.317 1.072 1.072 
0.499 1.060 1.060 
0.283 0.809 0.809 
0.483 0.864 0.864 
0.284 0.634 0.634 
0.350 0.940 0.940 
0.451 0.634 0.634 
0.517 0.809 0.809 
0.234 0.972 0.972 
0.567 0.764 0.764 
0.517 0.863 0.863 
0.400 1.989 1.989 
0.384 2.175 2.175 
0.383 0.820 0.820 
0.334 1.115 1.115 
0.400 1.595 1.595 
0.400 1.574 1.574 
0.534 0.885 0.885 
0.517 1.094 1.094 
0.467 1.137 1.137 
0.350 0.798 0.798 
0.534 1.050 1.050 
0.417 0.699 0.699 
0.350 0.820 0.820 
0.584 1.125 1.125 
0.551 1.225 1.225 
0.417 1.848 1.848 
0.451 2.034 2.034 
0.433 1.191 1.191 
0.284 1.169 1.169 
0.317 2.426 2.426 
0.384 0.985 0.985 
0.300 1.125 1.125 
0.533 1.682 1.682 
0.283 2.197 2.197 
0.300 1.684 1.684 
0.267 2.897 2.897 
0.300 1.311 1.311 
0.383 1.258 1.258 
0.334 1.127 1.127 
0.567 1.169 1.169 
0.368 1.137 1.137 
0.284 1.006 1.006 
0.567 0.973 0.973 
0.601 1.094 1.094 
0.383 0.995 0.995 
0.250 0.831 0.831 
0.300 1.399 1.399 
0.367 0.721 0.721 
0.433 1.290 1.290 
0.301 0.940 0.940 
0.449 0.776 0.776 
0.484 0.776 0.776 
0.284 0.809 0.809 
0.250 0.787 0.787 
0.316 0.710 0.710 
0.334 1.640 1.640 
0.366 1.148 1.148 
0.400 1.071 1.071 
0.234 0.939 0.939 
0.301 0.896 0.896 
0.517 1.542 1.542 
0.217 0.831 0.831 
0.566 0.917 0.917 
0.501 0.656 0.656 
0.400 1.028 1.028 
0.434 1.257 1.257 
0.300 1.607 1.607 
0.384 1.017 1.017 
0.584 1.072 1.072 
0.417 0.994 0.994 
0.417 1.487 1.487 
0.300 0.886 0.886 
0.402 0.677 0.677 
0.451 1.869 1.869 
0.467 0.799 0.799 
0.367 0.721 0.721 
0.350 0.732 0.732 
0.600 1.705 1.705 
0.217 1.138 1.138 
0.551 0.700 0.700 
0.567 0.787 0.787 
0.517 1.749 1.749 
0.234 1.224 1.224 
0.300 1.050 1.050 
0.334 1.225 1.225 
0.468 3.475 3.475 
0.250 0.809 0.809 
0.484 0.721 0.721 
0.249 0.798 0.798 
0.467 2.985 2.985 
0.399 1.333 1.333 
0.517 1.815 1.815 
0.483 0.820 0.820 
0.567 0.808 0.808 
0.566 0.689 0.689 
0.334 2.612 2.612 
0.484 1.027 1.027 
0.283 1.071 1.071 
0.217 0.939 0.939 
0.501 0.602 0.602 
0.400 0.897 0.897 
0.400 2.068 2.068 
0.567 0.799 0.799 
0.450 0.809 0.809 
0.450 0.876 0.876 
0.551 0.765 0.765 
0.517 1.104 1.104 
0.433 1.060 1.060 
0.284 0.984 0.984 
0.301 2.033 2.033 
0.551 0.897 0.897 
0.218 0.634 0.634 
<><><><><><><><> 
RT (mean):  1.35 
Consistency:  -0.00 
Self Consistency:  1.00 
<><><><><><><><> 
End: 02-Oct-2014 12:24:57 
