110,82,2,2.4522
89,111,1,1.0722
95,66,2,0.88637
89,100,2,0.89629
110,76,2,0.72178
69,61,2,0.65659
68,71,1,0.80938
94,96,1,0.78772
78,98,1,0.67861
91,85,2,1.6959
68,84,1,0.85304
120,102,2,0.77742
95,62,2,1.5426
115,98,1,0.78846
67,94,2,1.2142
116,69,2,1.2258
77,112,1,1.7397
108,80,2,2.4316
61,67,1,1.0173
120,65,1,1.2477
81,98,1,1.5549
90,88,2,1.1919
110,113,1,1.6523
119,61,2,0.82053
114,120,1,1.663
73,95,1,0.95179
116,93,2,1.0171
103,88,2,0.7665
104,69,1,1.3581
101,100,2,0.82102
67,88,1,0.83212
98,116,1,1.1605
100,104,2,1.0284
97,73,2,1.0398
92,96,1,0.85348
81,93,2,0.88635
91,78,2,0.79934
99,96,2,1.6312
100,92,2,0.93038
104,91,1,1.1717
105,62,2,0.74383
94,101,1,0.78855
120,79,2,0.70026
119,104,2,0.66832
98,66,2,0.73317
75,79,1,0.86493
87,61,2,0.68958
90,95,2,1.0394
72,112,1,0.93001
74,90,1,0.76606
64,86,1,0.77627
62,106,1,0.82098
119,74,2,1.8159
92,104,2,0.73318
100,79,2,0.84275
115,109,2,0.78818
82,99,1,0.78767
96,106,1,0.76583
92,80,1,1.1591
114,64,2,1.0066
73,109,1,0.80978
68,91,1,1.0397
87,72,2,0.7442
77,106,1,0.74429
68,105,1,0.97358
108,103,1,1.1928
83,115,1,1.0065
109,119,1,0.97454
76,65,2,0.97419
106,83,2,0.99514
87,76,2,1.1278
83,118,1,1.1807
114,66,2,0.75557
94,106,1,0.67864
76,100,2,1.8383
118,87,1,3.5546
62,73,2,2.3624
113,112,2,1.227
84,73,2,1.0716
95,117,2,3.161
97,74,2,1.1271
110,71,2,1.1273
117,63,2,1.0176
116,99,2,1.2361
62,63,1,1.0506
102,88,1,1.061
87,117,1,1.1927
63,90,1,1.1815
99,115,1,1.3465
112,86,2,0.96288
74,108,1,1.1042
75,84,1,1.2153
99,106,2,3.9838
119,82,2,1.051
101,74,2,0.88595
80,94,2,0.85384
79,62,2,1.0609
105,71,2,0.95246
97,63,2,0.96372
111,85,2,1.0952
107,81,2,2.1007
117,109,2,0.94115
113,91,2,0.8538
99,93,2,0.81049
76,116,1,0.78912
61,64,1,0.70098
94,104,2,1.9283
107,87,1,1.2263
89,95,1,1.039
97,66,2,0.88656
102,71,2,0.843
114,84,2,1.3237
64,96,1,0.96334
94,112,1,0.77736
88,79,1,2.1218
84,90,1,1.729
72,120,1,1.0181
100,68,2,1.6525
76,90,1,1.3459
110,84,1,1.0392
66,102,1,2.8665
87,65,2,0.69996
78,84,1,0.84309
61,93,2,1.6411
95,94,2,1.0174
83,120,1,0.73388
81,103,1,0.9959
99,119,2,1.5969
96,72,2,0.99536
109,75,2,0.68944
120,74,2,0.70064
105,75,2,0.75518
103,62,2,0.62365
92,108,1,0.9193
81,117,1,0.70051
94,115,1,0.74429
108,88,2,0.93
114,100,2,1.729
116,94,2,0.84197
102,98,1,0.79877
69,112,1,1.0505
75,91,1,0.76631
70,119,1,0.88628
68,115,1,1.773
99,65,2,0.71151
93,70,2,0.57985
88,106,1,1.5757
94,120,1,0.85392
82,88,2,0.9079
65,91,1,0.99617
109,105,1,1.7846
68,87,1,0.84258
98,93,2,0.86452
100,85,1,1.1712
102,101,1,0.88664
68,95,1,0.64544
83,98,1,1.314
84,77,2,0.78795
71,80,1,0.95246
104,86,1,0.80996
77,113,1,0.77667
73,103,1,0.74338
70,79,1,0.60176
99,98,2,1.4115
84,96,1,1.1928
78,81,1,0.76569
102,109,1,0.86396
95,81,2,0.89733
89,73,2,0.74434
82,111,2,1.3024
98,90,1,0.99484
75,69,1,0.73272
66,87,1,0.68979
104,113,1,0.83192
109,76,2,1.0505
101,120,1,2.111
81,90,1,0.85256
115,61,2,0.68924
89,94,2,0.88685
84,87,1,1.7727
67,104,1,0.70011
88,85,1,0.83251
64,79,1,0.68866
100,72,2,0.61207
108,73,2,1.3899
110,92,2,0.79902
113,108,2,0.78781
86,117,1,1.5534
113,67,2,0.78795
102,87,1,0.84196
78,116,1,0.71074
79,95,1,0.9189
114,71,2,0.8531
107,61,2,0.61282
80,114,1,1.6084
104,93,2,1.2472
94,109,1,0.8536
70,92,1,1.4989
80,64,2,1.302
70,90,1,0.90805
100,69,1,2.3194
76,83,1,0.96243
86,97,1,1.3889
72,98,1,0.83163
81,75,1,1.6295
98,107,2,1.1161
93,102,2,0.74384
84,97,2,1.6742
76,74,2,0.70097
120,80,2,0.7326
83,74,2,0.85323
80,111,2,1.9471
109,72,2,1.0167
88,118,1,1.0506
100,81,2,1.5769
114,65,2,0.84217
105,112,1,1.1053
91,83,2,1.7622
98,85,2,1.7398
81,102,2,0.94177
112,110,2,1.0623
67,79,2,1.0387
77,108,2,1.0169
110,116,1,1.0611
88,120,1,0.85306
104,107,1,1.0275
81,84,1,1.0062
90,107,2,0.89692
89,115,2,1.2363
65,80,1,1.1929
64,105,1,0.78785
85,66,2,0.77706
99,83,2,1.7403
103,68,2,0.77735
79,102,2,0.82235
90,69,2,1.6417
92,107,2,0.74457
103,77,2,0.86427
82,113,2,0.94107
99,87,2,0.86352
92,113,1,0.94122
111,104,2,0.96249
93,103,1,0.80913
116,104,2,0.61254
82,61,2,0.79775
78,72,2,0.65679
81,69,1,1.0184
98,118,2,1.4113
107,89,1,1.2473
94,85,1,1.554
84,63,2,0.95146
110,118,1,1.4658
101,62,2,0.74412
77,116,1,0.78699
62,115,1,0.93026
70,83,1,0.76545
69,102,2,1.0954
86,93,2,0.6561
65,110,1,0.78845
70,91,1,0.68977
78,96,1,0.65581
111,63,2,0.78782
66,75,1,0.67891
69,88,1,0.80978
97,110,2,1.1157
120,85,2,0.89708
64,94,2,0.65731
97,71,2,0.79892
103,83,2,0.97418
75,73,2,0.64531
96,65,2,0.78849
106,86,1,1.2145
113,70,2,0.6355
82,95,2,1.7947
118,91,1,1.3134
88,119,1,1.0725
98,94,2,0.81996
113,73,2,0.71145
86,67,2,1.4115
93,69,1,0.93025
94,114,1,0.8751
115,87,2,1.2914
97,78,2,0.63474
75,95,1,0.7664
117,66,2,0.65624
115,72,2,0.83089
90,78,2,0.64567
103,87,1,1.1157
73,112,1,0.88608
106,114,2,0.69999
63,85,2,1.5318
81,104,2,0.68873
106,63,1,0.97506
118,76,2,0.77669
82,117,1,0.74459
