65,92,2,2.5957
82,85,2,2.5914
113,109,1,2.4818
66,77,2,2.8529
105,74,1,3.0602
73,66,1,4.5952
63,115,2,1.8916
119,69,1,3.0724
85,75,1,3.5745
72,103,1,2.2516
118,68,1,3.5872
70,111,1,2.3076
61,68,2,2.9632
65,95,1,3.7076
78,103,1,3.4207
115,93,2,1.7715
78,97,1,2.9515
87,90,1,3.488
111,84,1,4.2563
119,117,1,1.6176
110,69,1,1.6627
104,85,1,2.6579
95,109,NaN,NaN
64,78,1,2.1659
85,92,1,2.462
98,78,2,3.0274
117,105,1,2.602
91,96,1,1.9347
93,108,1,3.477
112,99,1,4.2234
69,108,1,2.4722
104,86,2,3.0288
73,92,2,2.8957
117,114,2,2.7117
120,75,2,2.0772
99,85,2,2.4498
104,69,1,2.6577
71,115,2,3.3676
108,111,NaN,NaN
77,73,2,1.9793
114,75,2,3.226
116,110,NaN,NaN
118,107,1,1.3451
111,93,2,2.2419
113,95,1,3.869
80,83,2,3.3885
105,101,2,3.9142
119,118,1,3.9158
107,69,2,4.1042
102,115,1,1.5229
110,99,1,3.859
66,114,2,2.0013
75,91,2,1.7944
72,93,2,2.089
116,87,2,2.0456
106,96,1,2.5911
109,78,2,3.4883
84,70,2,2.2839
94,74,2,2.5155
103,92,1,2.5702
104,120,1,2.2521
63,96,2,1.4642
102,109,1,2.0671
69,116,1,3.4098
114,82,1,2.6123
111,67,1,2.7346
103,94,2,1.476
116,83,2,1.5534
117,75,2,2.0878
76,91,2,2.3274
80,86,2,4.1579
114,98,1,2.5149
88,91,2,2.6129
99,119,2,2.0667
74,114,1,2.4716
110,120,1,2.853
113,99,1,3.6833
70,114,1,2.0989
79,117,1,2.3834
62,63,1,2.7559
73,83,2,1.9036
120,115,NaN,NaN
88,114,1,1.3878
74,78,1,2.1215
115,105,1,3.3026
70,92,1,1.628
78,88,2,3.092
91,101,1,1.9563
66,92,1,4.2669
91,65,2,2.286
88,84,2,1.7594
107,72,2,2.0665
71,74,1,3.1048
77,114,2,2.7225
72,101,1,3.1261
100,88,2,2.2524
91,83,2,1.8704
119,93,2,2.2516
71,94,2,2.5379
65,88,1,1.9019
72,91,2,3.3897
90,84,2,2.7365
94,120,1,2.6141
85,71,NaN,NaN
75,83,2,2.1322
64,77,1,2.0885
102,107,1,2.2202
93,74,1,2.1432
78,70,2,2.2966
65,109,1,2.0221
72,62,1,2.1644
90,89,2,2.1646
72,74,1,2.2412
91,98,1,2.1862
108,86,2,1.9023
93,109,1,2.0119
92,75,2,2.504
110,78,2,1.8699
100,109,1,3.9696
114,91,1,2.4922
73,79,1,2.931
64,90,1,2.7212
119,73,NaN,NaN
84,120,2,2.9516
105,66,2,1.7821
112,120,2,1.2476
107,115,1,2.3742
87,73,2,1.7604
95,84,2,1.9029
93,80,2,1.7156
116,68,2,2.7999
67,119,2,1.8368
89,72,2,4.2014
118,66,2,1.3995
113,120,2,1.8264
63,108,1,1.5192
109,98,2,1.5195
97,105,1,2.5049
75,73,1,2.4052
113,74,2,1.6291
84,86,2,3.4447
106,92,2,4.0702
99,83,2,1.4537
109,118,1,2.2194
70,69,1,3.2464
114,78,1,2.3852
91,89,1,2.4398
90,118,1,1.9576
75,66,1,2.6358
88,79,2,2.6016
65,108,1,2.5587
71,101,1,2.8649
79,94,2,2.746
116,74,2,1.9681
71,98,2,2.8089
99,72,2,1.5632
118,83,2,1.8368
70,71,2,3.4883
68,85,1,1.8931
112,111,1,3.3933
101,70,1,3.106
89,81,2,1.3772
98,92,2,1.5088
62,113,2,3.7502
84,89,2,3.4876
110,108,2,2.4926
112,63,2,1.7053
78,104,1,2.2521
61,83,2,3.1378
72,105,1,1.7283
76,95,1,2.2177
112,94,2,3.2917
96,81,2,2.8317
103,70,2,2.8095
120,117,1,3.2565
102,80,1,3.5749
83,94,1,2.9837
76,62,2,2.6682
108,61,2,2.2302
80,82,1,2.734
97,103,2,3.4465
109,74,2,1.9906
97,94,2,3.5435
67,96,2,2.6479
95,72,2,2.9221
79,62,2,1.968
95,71,2,2.2088
61,89,1,2.1219
92,101,1,1.782
84,66,1,3.6948
107,114,2,3.8579
112,95,1,2.1748
110,119,2,2.4822
74,62,1,2.4166
109,111,1,2.2081
104,103,1,3.9141
69,63,2,2.3196
89,112,1,2.1326
78,61,1,1.8588
76,103,1,2.3956
74,98,1,3.1921
107,113,2,3.2263
79,106,1,1.5962
110,117,NaN,NaN
72,120,1,2.209
116,105,1,3.0415
99,88,2,2.2198
81,69,1,2.22
95,67,2,3.1694
71,78,1,2.2625
81,113,1,1.6949
102,93,2,2.372
110,115,2,1.629
71,83,2,1.7822
63,90,2,1.7466
118,76,2,2.2953
113,61,2,3.7063
115,74,2,1.9133
118,97,2,3.3794
64,100,1,2.0989
108,113,1,3.2039
84,110,1,3.3988
64,118,1,3.1709
72,108,2,3.8039
61,90,2,2.6888
84,100,1,2.8211
65,111,1,2.7995
74,63,1,2.0444
73,120,2,3.5657
96,61,2,2.7011
75,101,1,3.4545
100,104,2,2.5273
81,101,1,2.3844
72,106,2,2.9954
95,105,2,2.4826
114,87,1,2.5381
111,68,2,1.9787
93,85,1,1.9348
77,94,2,1.9997
82,119,2,2.0124
76,115,1,2.3079
74,117,1,2.4065
84,91,2,1.773
109,114,NaN,NaN
66,97,1,1.7495
118,77,1,2.6573
116,95,1,3.8819
82,73,2,1.7811
67,106,2,1.6083
80,79,2,1.643
101,102,2,3.4462
84,113,2,1.8809
83,109,2,1.247
66,68,2,1.312
117,71,2,1.2137
104,111,1,1.489
79,95,1,2.8431
93,114,2,1.2468
92,91,1,1.8912
65,67,1,1.8585
105,102,2,1.501
109,62,1,1.661
72,71,1,2.4169
107,116,1,2.821
93,61,NaN,NaN
119,100,1,2.2083
103,85,1,2.1546
74,86,1,1.7714
99,116,2,3.2811
64,85,1,1.771
88,95,1,1.7383
65,77,1,1.9129
91,62,1,3.2793
61,75,1,2.1756
67,104,1,3.4868
108,80,1,1.5862
64,109,2,1.5302
101,98,1,3.1054
83,113,1,2.2196
108,118,1,3.9789
105,67,2,2.1872
107,71,1,2.3189
74,79,1,2.0029
110,101,1,2.1016
115,103,1,2.2958
69,99,2,2.8105
103,87,2,3.0393
100,106,2,1.5746
68,65,1,2.6894
91,110,2,3.1379
84,63,1,3.2691
70,100,1,1.9791
107,109,NaN,NaN
69,82,NaN,NaN
87,71,2,1.1374
