069,074,089,071,116,099,063,093,103,091,090,065
120,109,108,101,085,079,080,105,120,104,071,109
107,081,114,061,107,093,081,093,100,064,117,063
108,078,080,070,099,061,100,118,076,079,073,101
076,089,064,106,090,084,072,069,086,113,069,115
104,061,119,096,096,073,116,073,065,116,076,116
076,103,104,107,088,072,114,089,091,082,110,083
091,064,109,103,066,069,078,083,079,114,098,108
084,105,068,090,114,083,080,099,096,083,097,114
089,112,072,111,103,082,085,091,065,119,080,112
068,095,065,103,120,114,086,114,109,084,086,096
115,098,117,097,063,090,087,098,101,112,083,092
066,103,071,110,088,073,076,119,089,096,093,101
102,076,082,090,065,077,100,112,097,120,098,065
119,089,104,112,091,109,104,110,110,085,069,111
067,104,085,074,068,117,097,077,080,087,106,102
087,108,073,098,077,113,120,072,095,089,084,078
082,066,079,111,068,103,079,068,062,103,067,102
083,069,083,091,092,098,102,090,078,097,078,112
089,111,078,063,076,118,110,073,085,061,089,098
096,116,071,094,078,068,093,117,095,110,075,077
120,103,080,100,076,108,091,107,084,082,072,107
097,090,118,120,110,070,100,070,108,120,104,096
063,103,107,065,106,068,110,107,061,107,084,061
070,105,076,109,063,067,069,120,109,118,072,062
085,090,096,088,109,104,090,062,061,095,063,076
095,077,087,120,077,074,110,076,117,075,098,083
084,115,103,088,117,102,080,093,099,094,077,089
099,063,119,102,113,079,070,094,072,098,068,092
089,072,111,096,119,070,101,110,101,071,066,085
101,079,065,084,065,089,071,061,083,112,073,097
100,066,103,118,097,070,062,065,095,113,078,119
072,115,120,101,073,108,091,112,111,091,103,093
113,099,082,095,105,072,115,079,118,085,068,105
078,114,108,119,104,081,099,074,071,105,083,090
069,106,103,072,063,108,109,062,112,076,117,110
115,094,118,084,117,119,079,077,085,106,086,092
104,097,112,093,111,098,073,111,101,107,076,069
116,082,116,091,097,064,062,101,073,119,079,108
115,118,071,078,102,087,095,079,076,104,100,113
097,105,098,085,091,094,103,069,075,105,096,061
076,120,115,089,071,092,109,067,087,088,085,089
063,062,111,071,063,095,108,099,089,108,118,072
091,108,099,119,105,092,064,089,102,084,102,062
118,117,117,077,086,115,114,071,067,062,070,086
087,113,108,118,084,111,110,112,115,116,064,112
096,097,087,070,117,092,106,067,088,092,091,075
119,094,120,064,084,101,109,094,104,100,114,077
067,076,114,069,087,068,084,096,071,073,112,097
106,062,079,098,098,101,115,103,076,077,115,102
080,090,090,087,074,067,063,079,113,080,093,066
097,113,071,080,070,064,117,089,061,062,103,090
070,065,070,102,075,076,120,065,067,105,114,072
063,104,098,080,110,119,080,079,099,118,099,106
109,081,102,071,065,092,072,074,095,067,095,076
076,071,106,100,067,082,084,104,066,113,105,119
100,098,092,110,075,108,061,105,078,065,092,113
062,110,108,096,119,061,063,109,120,117,112,099
115,120,063,072,117,099,091,065,105,102,089,073
064,090,079,109,087,078,076,087,091,062,067,114
067,097,105,116,082,086,064,118,099,076,082,081
098,068,077,118,083,076,103,096,108,107,065,099
115,065,115,112,072,094,066,064,094,098,093,100
088,111,110,091,102,114,098,074,087,116,114,109
070,103,111,074,080,066,073,107,061,067,085,082
116,071,116,109,109,117,096,109,101,109,068,101
084,083,094,093,120,107,073,085,086,120,066,112
065,079,097,076,095,108,064,110,119,079,119,083
068,091,095,083,113,117,100,094,070,120,068,107
116,113,096,063,092,084,078,061,097,061,064,109
076,080,078,115,118,068,118,089,107,078,093,113
068,061,093,109,091,067,069,108,061,083,116,119
097,088,085,062,066,095,061,115,117,085,062,108
101,067,075,078,061,070,098,086,106,109,085,103
072,080,114,106,102,072,090,066,113,091,111,083
093,069,111,107,096,101,095,070,084,063,067,100
082,097,066,077,071,066,107,088,073,095,074,103
094,096,111,063,065,112,090,072,061,118,080,078
099,079,116,066,115,075,069,096,084,067,076,106
093,111,093,095,084,079,111,068,066,099,074,118
109,098,061,074,110,063,086,117,092,114,083,062
081,075,103,114,075,083,089,093,120,093,072,117
108,093,076,061,087,097,082,110,088,094,076,082
106,078,109,095,101,094,107,090,092,109,069,062
066,109,119,077,071,104,100,108,071,084,108,070
069,107,105,112,082,119,102,079,094,068,063,083
061,103,081,068,102,100,084,098,074,106,097,111
104,106,097,092,081,065,067,081,083,099,101,081
080,061,107,117,077,111,086,072,110,077,102,113
062,099,065,097,078,088,071,097,080,089,118,090
081,096,115,114,112,103,072,112,114,082,091,117
082,117,090,086,087,082,088,071,068,099,079,097
075,074,116,081,075,085,092,090,064,088,113,104
081,080,102,073,102,099,112,077,079,089,094,103
069,118,092,111,113,085,101,102,102,094,089,110
111,108,098,106,107,106,094,076,109,105,093,104
083,082,088,069,097,102,066,101,115,099,083,085
092,069,090,089,099,087,087,103,068,075,119,067
072,075,111,086,076,098,112,107,079,061,061,120
067,112,078,074,099,101,083,089,062,111,069,078
104,078,117,114,104,068,096,120,105,078,107,087
085,063,119,069,078,098,082,065,068,113,097,091
120,068,064,092,104,090,074,093,111,103,069,067
116,061,097,100,063,065,116,078,086,105,066,089
080,106,074,080,062,097,094,066,074,090,063,106
075,073,105,081,090,108,071,067,118,102,115,068
062,118,065,111,112,075,079,075,106,101,081,061
078,102,067,080,106,113,088,100,088,116,071,108
063,082,099,070,084,085,066,087,068,093,075,082
078,086,117,065,112,114,109,061,099,073,079,120
094,074,080,109,085,072,094,065,093,097,095,114
072,110,089,081,068,110,064,095,075,096,101,105
095,074,083,064,082,113,093,088,076,107,082,104
109,069,073,087,115,110,107,067,089,104,113,078
074,082,069,084,085,107,090,106,093,075,101,088
066,114,108,065,062,073,091,102,106,103,068,109
086,071,100,081,098,061,075,071,114,084,103,110
119,090,108,061,103,083,113,088,072,100,080,092
107,094,074,081,092,087,111,095,106,061,099,089
088,070,100,116,082,118,070,073,079,107,078,073
112,090,081,119,091,093,071,100,094,080,076,091
096,092,092,093,092,073,114,094,083,115,098,117
073,094,084,081,115,107,120,099,109,097,114,110
076,085,092,106,080,120,079,067,120,062,088,118
104,069,114,096,117,071,116,103,067,075,098,067
091,115,092,075,115,064,073,091,117,083,111,120
108,114,084,108,085,101,100,109,075,116,104,077
086,091,104,086,069,117,101,064,074,066,082,092
076,078,113,112,099,075,079,086,079,082,110,116
102,107,077,103,066,070,092,095,095,080,106,111
085,111,099,090,065,113,083,102,094,118,116,107
067,090,064,111,099,088,111,066,081,088,092,104
074,101,118,097,086,073,091,089,101,095,117,106
088,080,084,066,090,101,077,106,089,068,100,069
071,115,105,073,071,068,092,063,114,091,064,119
103,099,084,117,073,120,106,075,080,085,120,075
112,086,091,080,098,097,111,090,101,086,061,066
098,118,116,068,117,081,064,069,108,094,093,116
119,115,083,073,068,074,116,108,081,078,088,066
061,072,084,099,092,081,106,079,071,082,097,085
062,100,063,113,086,099,090,077,075,065,073,081
084,120,100,117,069,112,107,092,087,081,115,109
112,116,082,070,086,107,079,062,096,070,112,108
110,105,110,098,083,071,078,064,075,094,114,104
081,113,082,064,089,102,091,106,077,102,094,097
107,100,074,097,114,111,071,103,067,088,066,092
066,119,086,102,116,118,101,070,103,080,065,064
105,100,119,113,077,094,073,113,102,066,107,062
095,104,098,091,067,070,062,104,116,097,110,087
093,105,082,112,111,081,094,092,101,061,092,119
109,083,070,068,078,082,072,066,111,100,117,104
120,067,112,087,070,104,099,104,078,094,115,070
109,065,105,098,073,072,074,100,098,093,119,062
108,064,072,109,091,077,071,112,108,109,096,064
092,120,064,074,103,092,065,102,117,095,112,094
100,079,112,118,089,069,075,089,072,097,061,065
073,076,072,079,090,091,096,071,100,119,106,088
085,096,081,103,061,087,072,068,116,086,101,104
081,114,071,074,088,068,086,083,081,077,113,067
061,117,083,106,120,091,097,108,112,111,089,103
090,120,098,096,098,081,081,063,071,062,078,077
113,107,067,115,073,079,114,090,105,085,080,064
104,098,103,102,095,115,107,119,113,084,108,106
094,106,110,099,120,119,101,114,064,107,118,065
118,080,096,066,104,064,117,080,096,068,067,094
065,068,079,091,088,109,091,071,098,082,072,071
085,112,119,101,080,068,111,101,067,083,095,103
116,120,118,096,083,087,118,067,076,086,082,099
101,082,080,084,102,104,108,083,109,073,118,092
074,110,113,075,093,061,073,077,093,072,089,062
072,078,074,116,066,118,111,118,086,081,111,070
099,067,073,106,063,100,109,075,071,118,094,087
065,095,116,111,078,067,097,063,116,067,112,068
083,081,106,082,093,087,088,091,093,065,101,116
086,063,117,070,083,113,102,109,088,117,066,098
067,085,071,090,091,119,079,074,102,075,077,092
115,087,084,072,095,097,114,098,078,093,075,119
078,099,090,096,103,084,081,095,115,092,074,113
098,090,104,087,066,073,104,080,074,108,099,098
088,085,084,110,094,117,089,084,063,077,079,116
113,071,115,062,070,091,100,073,065,105,061,086
087,111,120,095,106,110,114,065,086,064,093,076
094,061,068,069,098,102,103,078,094,069,118,081
075,062,109,111,065,067,062,066,079,064,114,119
081,071,095,100,108,105,093,099,085,104,071,063
111,080,082,096,076,072,115,101,098,069,062,105
103,117,097,089,108,082,112,092,078,085,064,087
101,113,098,071,074,062,074,119,073,068,091,105
096,072,089,088,086,094,099,096,120,094,106,119
110,090,077,061,118,104,098,107,111,076,085,087
073,114,080,097,092,108,062,080,106,084,096,065
068,119,088,114,066,105,082,088,072,108,064,072
061,088,118,101,095,084,109,087,119,111,076,074
115,096,115,073,082,072,076,066,065,100,069,070
073,082,086,089,070,079,088,110,120,066,075,088
087,074,096,077,081,106,100,075,064,114,090,117
107,083,079,110,076,100,095,116,097,106,119,080
119,118,119,084,063,098,106,072,110,118,067,077
104,083,096,091,115,100,079,081,096,087,108,110
096,100,095,078,117,076,080,107,092,061,113,090
075,090,112,062,093,114,119,104,103,064,099,092
070,109,092,102,069,081,064,071,114,076,116,080
102,093,095,096,067,086,109,112,108,086,119,086
084,107,113,094,087,071,087,086,112,074,118,079
073,080,063,101,069,061,070,063,078,100,072,070
066,108,069,080,085,081,065,066,070,112,114,074
099,107,091,066,114,075,081,102,077,093,066,068
111,115,074,063,065,083,078,062,108,102,070,077
085,100,086,118,061,073,064,093,085,069,109,107
068,077,076,065,108,068,088,086,066,075,116,077
106,118,064,084,095,107,095,069,083,100,090,095
095,112,102,120,074,083,068,100,103,113,096,117
072,099,063,116,092,067,107,082,108,115,108,104
088,115,113,069,070,098,103,067,091,099,102,080
087,069,062,082,066,083,068,102,094,079,091,078
068,063,065,074,100,120,093,084,105,063,117,066
088,108,069,116,084,116,114,099,117,062,103,101
074,120,093,085,061,091,066,081,077,101,085,092
116,102,113,072,071,070,112,079,113,114,110,065
097,103,099,064,079,090,070,116,095,098,105,077
094,111,104,105,085,065,103,073,107,075,068,086
079,104,062,114,083,105,083,120,116,106,118,070
078,120,109,113,111,067,118,073,084,077,111,099
062,096,076,064,105,076,069,086,119,072,103,086
110,067,069,099,106,112,093,083,120,106,105,120
100,084,118,078,100,114,085,071,117,074,084,086
098,088,100,082,088,077,090,093,103,107,083,077
078,110,084,097,067,064,103,098,099,081,099,071
064,094,120,071,105,069,062,093,113,064,080,096
066,086,093,106,097,115,098,116,072,077,101,069
103,119,070,074,105,111,086,074,110,102,079,087
113,118,115,076,085,086,066,107,090,115,081,062
094,084,063,088,089,107,064,077,066,097,065,080
075,061,092,091,100,092,108,081,089,120,107,063
120,063,116,090,098,120,086,106,068,084,086,093
082,089,097,110,069,110,119,093,081,076,088,090
109,090,114,118,107,071,079,069,117,078,082,061
088,074,115,082,115,113,114,116,069,065,070,085
083,101,072,065,067,068,081,097,116,064,119,087
104,075,071,093,101,089,088,065,095,075,068,114
085,114,077,107,062,068,108,103,109,086,063,112
095,118,105,087,075,118,113,105,096,110,068,076
106,065,061,090,078,096,112,098,085,120,084,070
095,087,113,089,085,094,073,090,100,087,085,064
105,117,077,080,106,115,117,067,075,111,073,063
095,062,075,070,066,063,092,072,104,116,101,065
081,094,062,076,081,120,099,100,079,093,096,093
066,106,119,085,104,065,117,115,088,062,094,116
111,110,099,077,093,070,100,101,120,113,082,068
097,068,117,112,092,062,079,105,067,089,101,117
075,080,067,087,104,091,104,073,103,100,084,112
109,077,083,079,101,087,063,089,083,068,064,102
086,062,089,074,111,117,105,115,081,091,105,082
120,112,078,066,116,083,110,109,114,105,078,070
094,082,082,109,117,064,116,092,078,109,073,065
118,105,097,086,062,070,087,114,095,091,087,063
073,067,102,069,101,080,079,092,118,093,078,089
070,107,100,110,087,077,112,096,103,079,113,070
071,119,077,108,116,062,072,067,066,115,108,067
098,113,096,107,100,086,081,115,107,097,069,077
105,099,067,093,091,084,093,073,095,105,110,075
094,083,069,073,072,087,102,096,116,117,062,064
104,103,063,115,080,083,078,092,104,066,084,088
065,071,074,105,113,111,102,095,089,106,117,087
097,075,083,118,068,064,113,110,105,107,108,080
115,085,101,091,106,087,106,105,109,085,071,079
096,079,090,076,076,088,065,086,082,077,090,069
061,102,104,088,095,106,063,118,086,080,061,112
097,069,096,105,074,091,110,120,083,097,093,082
099,095,061,063,115,093,081,070,062,084,083,088
100,091,084,076,094,110,080,082,080,114,100,090
104,072,071,077,078,079,089,116,084,074,117,079
102,085,101,092,095,094,099,097,063,064,078,111
089,070,091,063,085,108,087,065,099,109,114,107
061,100,075,064,064,105,089,105,075,098,116,085
062,094,102,082,112,088,113,062,096,113,102,074
117,073,066,067,085,099,110,080,110,086,092,070
096,076,105,103,119,098,089,100,112,119,116,072
063,069,112,073,100,077,110,061,092,074,104,074
077,085,102,063,111,082,070,076,104,115,119,063
088,102,092,089,062,098,112,081,120,077,074,107
087,084,069,091,064,061,107,118,074,073,094,105
082,120,096,106,072,083,076,113,111,061,106,070
085,068,090,094,097,101,079,088,095,085,096,074
084,075,075,103,087,091,087,089,061,089,088,119
072,091,087,062,095,086,114,063,094,063,112,102
090,105,076,092,067,096,071,069,108,117,114,070
086,077,109,074,104,094,063,075,110,066,090,078
101,072,083,070,075,101,090,070,074,115,106,071
093,110,075,069,091,118,077,098,082,069,109,089
077,115,120,088,105,088,101,078,081,064,066,079
072,081,113,108,072,095,062,077,119,109,101,076
064,073,087,075,097,119,113,061,102,111,115,080
104,111,090,081,094,089,118,087,064,098,119,095
081,110,086,075,095,088,073,084,095,071,063,080
