091,101,114,061,104,087,112,107,104,082,091,079
109,069,077,087,120,110,087,099,112,081,104,085
103,071,089,096,098,087,077,090,073,068,102,072
120,112,106,095,090,091,074,085,089,086,076,090
098,114,102,101,075,078,094,109,077,116,094,073
092,088,065,116,068,097,114,076,083,067,089,081
103,117,109,115,065,077,110,091,103,112,079,116
080,098,081,117,106,061,093,092,102,111,082,095
082,116,091,066,077,089,088,079,075,066,091,083
062,092,120,069,095,103,101,095,064,083,088,116
090,116,119,067,093,120,108,086,071,081,075,083
066,109,062,117,070,076,089,065,103,104,081,106
067,117,103,091,113,088,097,087,114,078,100,120
064,080,089,070,110,083,091,070,112,083,089,099
062,103,078,115,088,086,119,113,105,078,093,118
089,073,070,080,097,105,071,085,071,110,071,087
104,093,099,084,079,115,094,120,067,085,062,095
068,112,098,115,092,081,086,118,115,092,070,068
114,119,069,073,080,072,070,090,098,084,066,098
082,096,103,076,110,108,081,075,100,082,076,100
104,108,065,067,094,114,105,086,096,091,094,071
114,080,120,102,085,100,092,099,081,098,099,107
081,113,114,096,093,116,096,074,090,096,062,091
088,107,101,104,072,077,107,073,093,107,112,094
077,106,119,087,061,062,070,099,069,074,098,109
120,107,062,109,078,091,116,119,076,084,078,081
073,066,112,117,063,083,079,112,098,090,071,077
098,085,100,073,069,108,088,080,097,101,107,106
093,115,118,066,109,101,061,093,067,081,102,116
078,089,108,082,113,105,067,102,091,093,068,082
087,074,109,100,075,110,106,082,064,101,084,108
095,081,082,088,088,094,105,079,066,103,074,070
113,107,084,065,091,119,096,062,098,078,076,113
072,091,075,117,095,083,081,069,093,072,092,068
099,063,071,119,065,111,098,118,087,068,100,112
098,096,099,110,070,087,069,067,075,080,093,108
113,109,116,062,118,111,076,081,110,064,083,098
088,106,115,100,080,062,072,119,062,065,081,077
109,072,061,073,089,100,112,082,117,098,065,091
067,063,102,081,097,071,098,119,085,092,068,104
087,082,103,114,084,064,086,103,063,113,085,069
070,073,117,091,095,100,105,062,110,100,080,086
086,092,094,070,115,097,076,078,099,114,095,114
101,087,065,113,120,118,119,103,072,098,098,099
084,073,107,085,109,077,064,063,070,078,113,089
069,114,090,089,087,094,083,080,076,091,082,097
102,096,064,069,102,086,075,085,105,083,105,080
118,082,071,073,116,095,111,116,100,066,086,062
099,068,119,079,088,117,101,090,063,077,091,108
101,094,078,080,110,078,111,106,107,119,067,100
110,119,106,089,107,064,079,104,102,087,068,075
065,118,088,104,062,085,109,114,110,081,096,064
063,098,062,077,082,061,089,120,099,065,069,115
091,113,074,112,068,077,076,107,071,092,084,081
076,079,080,077,104,078,112,119,119,120,118,103
066,104,081,091,073,079,075,087,095,086,077,075
076,117,065,117,119,066,095,093,090,061,105,082
111,120,099,095,073,082,087,091,111,071,108,087
068,103,094,091,068,111,102,108,072,116,083,090
118,115,074,076,097,075,089,087,112,065,063,115
079,095,092,102,104,105,110,088,101,093,082,062
084,085,105,084,094,085,101,062,069,072,099,112
096,063,076,115,098,062,088,081,120,116,077,066
067,080,090,093,080,061,074,106,117,071,097,094
102,063,092,116,097,077,061,092,105,077,070,116
095,077,065,095,078,066,090,069,118,067,111,067
106,078,085,096,106,062,088,100,090,110,096,100
105,114,093,119,065,101,117,116,074,079,070,118
112,070,086,099,108,088,102,089,070,106,061,089
061,065,111,063,091,097,108,113,120,086,087,065
111,072,101,078,074,093,104,098,102,110,064,099
109,071,067,093,111,076,115,090,061,081,065,070
082,077,069,079,070,072,071,095,109,074,074,082
095,118,061,067,111,066,072,088,111,080,076,061
110,098,086,111,071,084,067,073,063,101,097,080
079,066,065,114,104,073,110,070,070,100,092,065
083,092,117,073,089,101,095,078,093,064,088,091
111,113,095,105,115,083,102,103,078,119,108,094
074,105,099,111,072,089,111,070,062,094,084,100
085,110,113,078,109,118,067,084,118,110,094,086
075,063,096,072,103,063,075,082,107,095,114,063
092,108,089,082,120,083,080,068,114,067,119,090
114,062,098,091,099,067,112,108,098,093,101,092
065,079,063,094,078,073,101,106,109,105,086,065
088,069,088,120,068,109,071,104,103,096,091,107
075,095,104,109,096,065,076,077,063,078,109,111
117,080,087,069,104,076,105,091,065,075,073,103
108,115,061,102,067,062,065,082,102,091,082,091
069,092,077,086,094,077,091,077,100,106,072,099
091,064,106,079,080,109,071,114,062,076,088,090
120,071,080,103,118,090,100,118,095,064,089,079
115,062,083,093,088,093,073,112,090,071,076,116
097,084,084,116,063,097,108,064,080,091,061,091
070,061,106,090,088,085,088,096,097,112,095,066
102,066,074,092,115,103,064,112,109,084,112,102
095,069,066,072,105,119,096,106,095,080,106,098
108,089,075,070,079,093,090,112,119,069,085,120
105,101,101,066,080,115,102,078,064,120,063,104
063,107,097,092,081,068,084,090,065,088,092,100
113,095,063,076,083,065,065,081,074,089,078,068
108,066,110,112,061,077,113,061,119,097,106,086
073,118,106,091,113,072,099,103,111,094,115,104
094,067,081,096,115,110,065,085,092,064,088,070
105,066,114,087,112,086,089,111,080,108,092,066
074,111,064,082,111,092,076,075,097,095,084,107
089,091,066,076,088,064,096,086,067,091,094,082
104,102,078,116,094,119,061,116,114,086,072,074
094,078,102,088,104,114,074,094,066,096,102,097
061,108,096,078,075,101,093,063,078,107,119,095
079,098,068,116,106,076,109,107,119,074,100,102
097,083,114,092,114,120,073,065,117,095,105,069
079,114,094,100,108,119,070,069,104,081,110,087
118,064,086,109,080,082,110,094,087,095,097,118
116,100,073,080,068,067,112,104,076,069,105,089
110,107,075,091,086,091,093,070,112,091,114,115
076,095,097,103,102,090,064,076,083,096,117,061
070,114,074,095,088,098,071,082,090,107,079,064
118,089,114,082,075,103,100,098,064,071,096,080
106,080,109,103,087,113,080,071,062,072,069,098
103,092,080,087,108,101,079,113,084,078,087,083
116,112,078,112,096,099,107,101,118,106,062,063
094,104,097,120,095,092,068,076,085,095,066,094
092,109,100,114,078,103,071,112,099,115,114,113
065,108,080,085,072,063,075,102,094,083,064,111
083,078,103,084,082,101,107,114,076,110,109,067
105,120,089,062,109,075,117,077,066,081,100,086
077,074,087,096,105,090,064,086,096,076,110,113
091,084,072,112,074,108,112,080,068,089,105,117
111,104,083,113,088,095,081,085,120,080,093,069
071,107,104,062,066,115,102,062,065,068,087,116
079,101,088,099,078,093,086,067,089,115,086,083
099,116,067,101,087,064,114,084,069,117,067,075
087,103,119,115,092,104,064,113,067,098,079,070
073,115,089,117,110,062,084,068,086,107,089,114
082,102,101,111,081,079,105,061,092,082,101,113
120,065,065,066,074,063,097,107,105,087,078,100
071,118,071,108,061,103,112,062,075,112,077,079
105,111,076,092,106,069,066,068,098,077,103,072
114,081,075,096,073,116,063,065,106,075,099,085
101,099,098,070,100,062,089,095,110,080,075,089
085,119,097,066,120,075,119,064,064,077,073,095
111,069,088,112,117,094,114,110,069,066,099,080
089,104,098,061,113,115,113,073,098,094,072,065
095,112,109,119,064,117,116,074,089,083,106,113
103,089,092,075,119,106,066,080,109,073,061,088
082,078,072,106,097,109,093,111,078,087,106,104
073,114,091,069,065,071,108,085,075,115,108,083
083,117,067,108,076,099,066,086,117,114,112,111
085,115,084,080,074,061,115,074,108,075,085,113
096,119,074,068,106,066,112,106,068,115,088,097
115,095,095,084,072,085,068,088,104,120,071,096
105,065,080,094,116,067,109,096,100,119,069,103
061,083,071,062,072,117,104,083,092,107,117,063
074,102,102,118,091,095,096,094,080,093,067,103
076,073,070,120,064,065,118,105,094,064,095,090
092,113,107,074,118,099,120,098,082,110,075,105
107,089,093,110,069,068,087,092,074,075,116,108
076,067,114,102,105,063,083,068,096,067,089,119
073,085,116,069,096,118,061,100,063,116,096,070
119,075,093,087,093,065,081,107,094,107,069,082
104,110,097,096,092,119,116,109,079,120,077,092
109,108,105,107,075,107,069,089,077,113,065,115
078,067,086,071,077,069,073,063,061,097,092,096
092,072,117,113,081,109,097,067,085,083,119,073
073,110,061,069,113,098,098,116,120,095,097,074
081,090,065,097,087,079,083,088,110,069,076,088
106,105,080,119,067,105,094,095,090,094,119,068
068,079,102,107,117,108,077,111,107,082,087,072
065,090,061,096,096,095,094,118,086,097,081,097
074,081,112,087,063,082,101,074,112,067,082,067
079,086,102,093,098,107,105,068,085,061,074,100
074,110,106,092,071,070,077,100,102,069,092,063
119,081,109,079,066,117,088,063,100,099,069,080
115,112,111,081,110,089,102,068,088,066,086,073
075,072,068,110,084,115,061,109,118,119,064,103
098,076,113,074,073,102,106,108,106,071,075,088
083,109,097,100,062,069,094,072,108,068,076,085
077,073,073,105,067,107,097,078,070,084,095,067
086,063,107,103,077,096,105,093,068,100,062,113
103,108,096,116,089,084,070,101,110,063,090,064
074,120,074,065,073,108,106,102,103,111,063,061
061,094,094,116,118,077,066,070,062,075,098,111
085,070,117,078,113,103,120,090,066,064,097,070
110,109,064,067,082,099,087,073,102,071,085,091
065,098,083,082,111,078,082,090,106,065,105,116
063,081,104,117,097,099,100,108,101,120,075,118
086,075,110,096,067,066,099,104,106,094,120,062
079,100,118,092,071,093,072,078,076,109,093,099
111,107,085,103,118,069,117,074,096,107,113,100
070,115,109,117,105,070,114,118,112,063,104,061
118,104,081,099,076,093,079,117,079,071,079,075
071,068,108,097,075,073,067,074,115,072,094,076
093,103,099,078,099,066,080,102,074,078,067,115
087,117,068,094,084,074,069,099,063,120,102,070
076,105,084,077,081,080,107,079,078,088,104,113
085,087,075,071,063,089,077,115,082,109,071,061
096,068,101,088,120,087,085,114,066,074,119,084
100,071,119,070,095,061,076,080,072,110,076,086
098,086,098,073,068,072,086,119,118,068,070,077
078,108,077,103,117,119,066,089,119,104,067,092
114,111,114,108,063,100,097,073,111,079,078,071
087,100,074,103,090,078,120,077,065,107,076,097
079,110,078,077,066,093,116,101,088,062,064,062
119,062,106,109,117,107,110,086,065,076,063,068
084,066,066,120,098,105,118,084,108,062,095,070
073,096,112,096,100,111,069,065,111,061,083,116
098,082,105,092,116,114,093,086,068,064,092,091
091,071,109,085,072,090,077,083,111,088,104,100
063,079,088,074,082,113,079,062,083,066,113,093
080,107,103,120,076,112,080,065,067,071,085,111
108,118,073,074,110,101,087,067,085,090,062,099
081,100,070,082,079,078,113,096,061,072,110,077
073,120,117,068,102,076,103,101,120,084,092,112
106,063,077,119,104,075,068,085,077,101,101,072
069,094,067,072,081,070,118,113,066,085,071,089
083,102,119,065,093,062,114,093,109,063,109,091
096,115,074,099,081,087,116,089,090,067,116,115
110,103,082,103,095,102,095,111,117,093,119,076
116,086,064,115,081,072,073,099,081,094,103,106
098,112,083,111,075,064,113,080,098,095,075,094
094,079,118,081,091,115,110,095,070,103,071,113
117,099,104,070,098,074,080,063,086,069,088,073
084,088,084,092,077,102,090,109,113,116,103,100
107,116,072,114,063,071,070,107,101,115,086,090
086,082,118,107,120,115,086,068,108,081,102,064
100,117,087,090,095,068,088,071,113,068,095,108
090,111,116,118,075,084,103,083,119,061,075,114
118,087,115,117,073,081,097,111,067,106,091,104
115,088,104,086,112,118,114,064,100,093,068,106
085,102,070,108,065,100,084,112,115,111,072,107
086,087,107,077,103,081,074,118,069,071,090,079
118,072,063,095,118,078,112,089,088,077,119,099
103,105,084,094,081,093,083,118,097,114,065,109
116,085,113,090,098,068,113,102,066,061,093,094
115,061,061,112,067,088,077,114,086,074,067,077
084,111,072,083,089,098,092,090,120,117,079,099
106,114,110,061,085,079,104,077,098,064,113,120
077,112,101,076,064,109,090,100,081,101,097,062
106,097,082,081,088,087,107,108,066,107,118,091
071,105,099,094,111,117,072,064,085,086,073,062
099,120,081,116,115,071,101,086,110,066,094,115
108,076,114,083,087,109,067,110,119,083,116,097
072,104,116,080,069,075,101,114,104,116,100,101
116,064,099,108,087,115,075,061,118,063,120,067
063,069,073,091,101,084,073,093,106,115,089,097
061,118,086,117,090,097,069,096,068,101,087,084
092,117,069,078,104,074,066,087,087,062,091,063
099,090,101,083,109,099,081,115,061,101,105,081
112,101,081,062,101,117,101,073,071,072,102,094
087,063,083,107,070,113,069,083,084,086,061,087
102,079,112,093,111,062,064,105,091,100,114,088
107,062,089,085,097,117,104,069,072,084,085,097
093,077,064,074,078,085,075,113,114,090,112,105
064,073,120,082,100,105,118,117,072,120,068,090
093,096,103,098,102,099,106,116,066,063,085,063
082,066,087,106,085,105,079,080,090,062,119,102
064,089,076,072,086,072,102,084,119,088,110,105
099,083,086,081,061,107,086,115,069,100,096,101
113,084,115,082,095,109,096,084,109,070,079,108
101,085,120,061,063,084,106,093,079,072,118,080
076,083,091,114,064,061,090,104,073,083,078,086
109,102,096,117,066,090,062,070,076,089,079,061
073,090,062,066,076,118,085,112,094,105,107,100
083,070,075,090,078,092,063,090,101,098,080,101
069,097,079,092,104,096,103,088,076,082,066,112
073,092,117,090,086,061,093,068,101,119,071,076
104,065,078,061,113,094,116,066,076,120,064,070
088,109,079,097,114,068,067,104,094,092,083,079
094,103,080,074,112,109,075,100,081,083,076,087
108,105,089,088,065,102,113,099,082,119,075,099
103,065,111,082,108,098,064,081,100,064,117,084
106,120,106,117,107,104,072,073,117,085,102,115
108,072,120,081,075,098,085,082,084,082,077,099
080,100,109,089,113,067,114,074,120,091,117,110
077,085,106,099,063,108,089,080,061,099,090,080
068,120,071,083,099,071,092,120,100,072,102,105
103,116,092,110,110,111,101,069,085,093,116,071
104,064,091,111,077,108,098,102,107,068,079,103
070,086,080,092,109,120,062,078,110,116,107,115
105,115,079,082,086,113,089,067,118,088,083,074
064,085,116,075,101,071,068,091,061,084,108,120
072,097,090,074,093,075,084,110,096,108,097,064
084,093,070,092,092,098,078,065,094,065,093,109
079,067,110,106,064,078,104,095,074,071,082,072
097,098,083,062,106,085,111,075,106,083,114,112
079,096,118,101,109,078,097,110,063,070,097,104
111,073,072,095,092,089,082,093,085,118,084,069
097,113,066,071,062,074,104,080,069,107,078,120
090,103,087,111,084,079,111,108,118,079,106,064
105,088,083,084,118,062,093,089,061,068,089,094
106,073,099,105,093,097,071,098,070,117,068,062
113,112,084,106,111,119,084,062,119,063,105,072
107,087,074,091,069,113,114,066,070,067,102,117
096,111,104,084,105,096,110,065,091,099,069,112
113,066,120,096,100,083,108,090,082,117,091,116
