109,120,076,113,075,102,061,073,080,075,081,093
086,115,084,083,111,120,062,107,090,108,071,084
066,098,070,119,113,072,109,100,070,079,111,067
074,064,083,082,104,120,106,072,095,109,071,073
089,091,077,105,070,114,101,103,083,099,103,075
105,083,090,094,072,099,089,107,063,088,079,106
061,107,081,064,082,073,098,115,112,117,063,062
092,079,085,076,113,067,104,082,069,101,064,083
117,120,105,063,081,103,061,072,107,119,105,094
062,111,065,114,096,085,070,116,065,072,113,104
102,061,096,094,061,075,091,105,115,080,106,116
068,112,078,087,110,071,111,100,062,076,107,088
077,102,063,091,073,068,105,117,080,109,099,112
097,101,082,078,110,090,094,092,115,072,107,110
116,115,095,089,102,109,120,062,107,078,090,114
104,078,110,103,095,075,110,088,097,070,119,062
092,107,120,073,088,113,077,068,114,115,072,116
089,081,065,101,112,116,070,111,088,083,083,107
117,083,085,082,085,109,079,074,062,090,119,090
101,084,104,072,092,115,116,096,084,077,085,075
075,105,116,073,117,114,064,071,102,095,080,091
062,077,061,114,080,073,100,104,064,114,107,117
063,095,062,081,099,114,114,119,118,109,080,061
120,071,087,079,120,068,076,086,094,076,081,069
104,107,116,120,094,104,099,093,102,113,113,070
076,102,074,067,102,096,114,120,100,076,105,116
110,061,110,096,064,061,062,101,093,067,090,075
087,075,071,092,084,111,076,111,096,080,088,073
080,070,076,087,116,065,082,090,093,113,069,100
063,118,073,086,108,071,111,099,098,109,107,077
116,071,085,093,116,078,114,091,110,078,063,099
106,096,119,073,105,069,110,070,117,080,062,080
066,088,068,106,075,100,098,097,107,111,101,120
114,110,086,083,115,111,072,117,073,084,098,112
111,079,099,100,069,098,073,087,067,069,078,115
081,120,114,088,094,066,081,114,092,081,091,065
092,087,103,116,103,092,082,063,089,068,116,079
115,076,087,107,065,068,083,069,071,113,072,078
085,088,110,101,081,085,079,120,118,085,074,086
080,114,062,104,079,075,080,087,079,114,089,110
089,104,067,120,069,068,064,102,086,096,101,076
084,094,086,103,090,084,068,119,106,062,090,113
083,112,087,065,077,106,088,098,101,094,061,084
094,118,064,107,088,061,105,085,117,084,073,093
100,083,111,073,108,076,097,115,064,105,084,097
105,090,063,112,113,106,072,114,066,101,074,116
114,096,088,120,116,118,065,064,077,094,109,071
094,099,108,113,076,068,087,094,090,107,091,112
108,077,098,094,117,088,120,113,077,076,096,062
116,076,092,096,069,111,093,097,103,079,099,067
082,094,118,084,116,100,095,096,077,071,119,064
103,105,077,090,106,091,070,090,086,072,111,086
100,085,096,061,119,072,079,119,115,067,075,113
080,069,093,101,084,095,063,073,100,119,119,092
097,089,068,070,088,093,080,094,075,106,083,085
120,095,083,063,099,062,082,100,119,094,067,073
107,112,062,118,086,068,111,083,108,085,116,064
095,071,097,066,112,115,064,097,076,110,089,120
116,088,094,116,061,062,119,093,071,067,107,100
102,106,111,092,101,089,076,074,092,117,095,070
101,090,104,063,118,079,117,063,110,064,092,083
089,087,105,115,061,069,104,114,073,079,108,103
092,072,095,065,112,097,101,061,078,112,098,079
061,108,103,112,088,090,079,076,115,063,091,087
081,112,074,073,098,076,102,111,098,074,103,082
093,115,077,072,064,100,080,101,090,072,081,068
074,090,073,117,076,069,108,100,069,116,066,111
114,083,078,067,112,062,093,068,077,098,083,070
090,095,095,083,116,067,073,118,078,073,065,109
115,071,115,087,118,069,082,070,061,063,080,116
078,086,067,063,112,071,114,087,076,080,085,098
077,083,110,097,098,087,113,082,113,087,070,118
097,096,062,093,107,081,096,081,098,089,085,119
072,098,091,086,071,076,082,061,111,074,104,105
065,076,112,108,114,113,112,088,114,094,098,116
082,118,103,099,072,074,106,087,091,068,083,109
101,063,064,095,096,108,111,110,093,104,071,089
086,104,072,093,103,120,094,093,100,117,117,096
102,093,108,084,062,087,076,114,109,105,079,067
114,066,092,088,083,120,072,107,070,087,081,100
110,112,065,077,086,117,100,065,078,088,065,094
108,073,080,081,112,070,082,069,100,071,067,072
111,097,075,111,118,091,101,105,108,082,087,101
083,087,096,076,073,103,098,063,109,064,105,099
088,097,103,084,062,115,062,105,089,072,064,080
068,080,096,099,077,063,071,087,119,095,107,106
070,074,102,083,104,085,105,095,071,075,078,114
073,096,081,079,093,084,099,098,093,078,107,085
092,109,064,062,068,092,065,103,097,100,106,115
069,091,091,085,070,073,097,086,091,090,063,087
096,098,068,067,069,092,076,082,092,076,071,062
105,119,086,106,096,079,117,094,094,097,086,093
084,102,062,114,072,075,101,075,101,083,108,101
111,089,090,112,109,117,077,103,113,085,063,071
071,069,098,064,112,094,090,079,075,098,111,093
099,113,114,085,102,114,110,072,069,066,107,115
118,077,062,113,118,101,082,074,120,108,061,106
111,117,069,109,061,113,116,095,093,107,091,083
068,118,081,094,085,087,079,117,084,069,101,064
091,103,074,105,106,069,069,089,078,066,073,092
108,070,077,081,090,085,097,077,065,092,065,080
068,116,102,108,109,086,103,094,117,077,075,112
106,120,070,081,102,105,097,109,080,098,065,099
061,119,111,116,085,079,086,061,108,069,111,118
106,066,069,085,074,101,110,082,085,072,078,079
073,101,064,092,098,110,106,078,074,103,070,089
068,071,110,081,074,091,107,084,076,109,100,112
090,115,070,066,110,100,109,067,116,119,108,080
093,096,113,100,078,095,074,069,102,100,066,068
062,078,119,108,108,110,061,111,065,107,079,105
110,069,066,112,086,095,064,072,120,093,099,089
118,115,102,069,100,087,111,081,081,083,076,070
094,071,070,078,107,067,117,115,076,117,068,075
100,078,109,114,094,120,072,100,087,068,110,083
110,099,116,092,073,100,096,070,104,110,082,084
061,083,100,066,065,083,066,093,066,083,099,074
088,105,102,118,063,078,098,104,089,074,075,083
118,112,113,092,096,065,116,062,078,109,066,077
113,117,117,101,073,081,077,087,113,115,078,098
099,078,074,071,104,065,115,064,071,091,101,077
089,118,106,119,089,106,077,091,070,067,062,091
104,117,118,076,088,109,102,116,075,108,099,086
114,092,092,077,080,106,085,071,074,068,084,075
063,070,065,113,084,072,075,089,079,109,068,095
101,109,080,118,068,103,077,120,070,093,106,117
080,113,075,115,116,101,074,087,100,077,109,103
090,098,098,071,061,100,066,103,082,105,071,105
117,097,067,083,080,107,067,097,070,102,113,112
071,072,098,073,098,084,115,103,097,081,086,118
096,103,072,108,105,092,096,066,085,077,080,072
097,095,081,082,074,119,070,115,082,092,111,098
088,091,108,098,091,064,094,064,073,097,088,095
084,099,082,088,071,096,080,071,112,120,081,102
105,089,069,090,107,113,087,102,108,074,067,103
079,080,110,066,114,105,105,081,119,077,078,061
094,113,071,119,109,091,085,120,107,079,102,090
100,105,068,114,106,108,097,118,093,082,062,072
117,062,108,115,116,099,079,112,079,110,105,096
113,111,100,095,117,082,087,084,114,108,120,090
118,095,102,074,119,099,075,074,080,102,111,063
075,062,093,095,116,084,064,084,067,108,108,094
100,120,067,088,092,089,061,068,074,109,065,102
105,108,110,068,101,082,069,120,080,104,093,091
091,117,117,078,109,063,097,083,118,098,089,065
062,103,083,113,089,112,066,115,096,068,061,112
065,084,105,086,080,099,067,096,067,062,100,118
117,068,111,106,084,076,071,118,115,119,112,080
115,073,066,086,119,081,115,120,087,097,115,094
119,067,100,088,093,114,073,089,100,070,068,105
085,092,076,067,118,061,109,115,093,071,106,088
084,113,099,109,063,090,117,089,065,085,118,096
061,120,103,063,102,117,115,100,077,067,097,099
085,101,068,098,112,064,110,095,111,071,115,077
069,078,104,073,105,111,085,080,096,112,081,113
075,081,119,076,100,090,093,092,098,093,088,072
076,089,075,063,063,065,100,084,061,094,082,075
103,097,073,106,104,087,107,114,082,086,080,084
093,061,090,067,062,079,108,095,106,118,090,089
070,107,084,062,066,095,066,076,095,104,079,066
079,077,106,065,082,089,069,062,074,117,075,070
110,084,087,088,064,079,085,106,083,103,091,119
103,072,116,114,104,083,092,108,110,074,078,075
106,100,103,117,076,105,109,075,068,064,108,099
091,094,098,106,112,106,103,095,092,110,102,092
101,119,082,109,067,081,107,118,076,091,070,072
067,105,065,115,074,063,073,085,087,066,113,116
103,118,087,072,101,081,071,078,103,111,090,071
093,106,101,067,107,120,079,089,105,118,116,097
118,099,084,092,066,085,087,118,110,062,098,102
067,089,110,085,080,103,097,065,077,099,086,110
068,104,067,095,064,082,075,104,092,112,112,093
103,069,100,114,086,120,105,106,061,098,096,078
084,066,098,095,066,105,097,080,111,112,112,065
104,112,072,102,092,063,103,078,061,109,100,080
102,068,097,091,084,070,064,111,074,114,083,098
072,094,069,107,110,109,114,098,096,075,110,118
113,101,073,113,071,117,093,075,061,117,068,079
065,067,101,071,099,076,111,109,109,112,074,093
110,115,082,072,103,113,119,069,075,077,084,088
091,101,097,085,116,061,076,078,069,104,063,068
079,100,092,095,079,097,061,085,067,087,089,083
108,116,079,063,096,101,099,088,093,083,071,107
077,073,116,093,108,079,112,082,062,092,115,101
079,115,062,089,070,103,063,076,094,069,089,078
072,069,088,094,074,085,114,101,106,095,116,066
068,115,062,066,099,107,111,104,098,062,113,110
069,095,081,076,074,078,071,079,104,071,061,067
092,067,083,062,062,065,082,107,075,067,087,064
109,077,084,105,115,088,109,087,094,102,072,105
112,101,061,090,097,113,095,099,117,067,081,087
105,110,091,072,073,075,086,080,082,114,115,099
103,119,106,099,061,087,089,088,064,108,087,116
086,088,092,061,118,064,104,102,086,084,066,074
105,093,082,080,082,106,120,098,120,099,077,113
075,066,118,088,089,102,102,115,116,090,069,096
076,090,091,075,104,118,083,096,093,076,116,107
063,072,079,113,109,089,089,084,094,067,096,091
083,118,081,108,091,098,097,090,080,093,074,092
082,096,110,120,120,064,061,115,065,075,088,076
095,111,097,105,100,103,103,107,092,090,087,108
066,067,112,084,102,066,068,099,103,106,113,069
086,098,070,101,100,062,104,081,090,117,099,064
118,092,073,102,086,081,119,120,100,096,098,092
079,082,087,119,109,094,061,089,067,082,081,088
101,106,102,082,083,074,070,091,086,079,094,089
069,114,077,110,099,079,101,072,061,071,079,084
113,091,099,104,086,085,104,092,089,115,111,078
071,086,069,115,107,074,065,086,065,071,106,083
066,063,080,095,097,075,106,109,106,084,102,079
101,095,088,079,115,095,063,093,117,108,100,091
081,115,082,077,104,066,087,117,091,079,090,064
102,112,120,063,092,099,106,076,098,070,078,077
089,113,104,070,105,120,066,081,101,088,101,111
105,087,066,117,111,119,113,096,085,095,077,093
107,066,109,113,090,078,094,083,078,097,112,086
075,110,084,074,112,085,104,119,120,118,088,071
114,103,072,096,105,065,100,089,074,081,087,120
092,070,104,076,111,082,090,104,094,075,116,082
081,106,088,064,062,068,120,082,092,091,063,102
103,076,109,119,098,103,090,106,070,117,116,086
106,064,080,089,097,119,109,066,107,068,098,113
070,094,103,064,066,071,084,068,089,093,092,100
105,073,091,111,097,076,088,074,065,066,080,067
088,103,067,100,102,078,061,079,090,103,096,104
107,102,074,062,084,104,084,081,115,082,070,088
064,089,117,069,116,091,065,119,086,101,066,064
085,084,096,115,092,075,070,106,065,074,082,091
093,103,070,061,097,071,072,097,087,096,071,070
102,085,108,088,110,087,065,098,094,073,077,111
074,077,068,109,066,061,087,095,102,067,081,071
106,063,102,119,116,104,079,069,088,068,116,110
114,086,095,062,069,077,074,106,072,081,105,061
089,077,064,070,119,082,080,078,065,117,107,098
109,107,066,091,095,076,082,066,073,114,066,092
102,099,104,088,075,117,086,119,108,083,062,109
066,118,114,077,096,077,080,110,072,118,094,078
099,073,086,090,091,084,096,111,085,067,063,108
086,089,099,082,080,092,093,064,076,072,117,110
104,103,118,090,103,085,065,108,073,062,073,076
091,073,094,100,111,090,066,072,086,087,101,092
108,078,073,065,084,115,104,115,099,091,105,112
083,079,086,075,089,103,113,078,097,074,079,104
106,094,113,063,081,099,061,065,067,112,073,109
093,117,114,071,102,091,072,112,100,098,082,097
078,092,102,088,099,085,088,075,091,061,104,091
108,097,062,094,064,086,067,104,090,081,068,083
063,100,113,105,097,068,093,109,086,102,094,086
119,066,078,120,089,108,066,108,108,111,106,097
063,085,091,067,076,107,084,078,092,097,114,063
093,087,086,077,064,073,104,106,114,106,098,101
094,063,065,118,087,103,113,086,096,119,063,096
111,065,084,063,062,097,099,090,083,071,108,068
116,063,107,096,090,068,086,100,088,080,066,080
073,072,084,119,076,120,079,094,117,116,069,063
090,065,098,082,116,075,097,069,089,063,110,119
099,075,118,078,119,088,064,104,068,100,102,103
079,072,083,115,095,072,074,112,087,069,090,083
112,077,062,088,080,083,078,091,091,095,068,111
065,088,114,075,070,109,114,084,063,097,072,120
068,094,117,099,062,108,082,068,093,100,111,114
074,096,077,080,080,063,061,104,064,096,082,062
083,076,065,079,118,113,091,081,114,067,075,064
063,119,080,074,112,119,070,077,103,071,101,104
062,102,063,064,081,118,078,119,116,083,066,073
091,108,109,096,107,091,075,118,069,070,067,118
083,119,086,067,120,097,077,088,120,075,095,081
061,099,111,072,114,095,086,063,108,093,111,088
086,070,107,105,064,077,104,074,095,112,072,083
096,084,117,081,078,065,094,110,076,075,098,081
078,068,088,069,090,080,093,065,099,087,073,090
093,090,071,102,120,091,073,069,113,066,089,119
076,112,089,114,114,118,086,062,075,119,109,104
084,120,119,117,078,085,101,079,066,090,099,071
075,107,072,109,082,071,063,081,074,115,104,077
111,087,108,086,085,070,109,116,105,078,113,095
065,081,093,079,099,066,092,120,109,108,071,106
093,069,098,117,070,105,082,095,106,110,101,100
073,107,063,110,074,113,064,069,061,077,112,073
119,118,117,064,094,111,068,072,119,080,096,120
109,081,097,114,108,107,074,094,061,097,065,110
098,067,116,081,101,078,069,065,076,064,078,064
110,093,099,101,067,064,066,120,070,099,107,095
078,081,095,077,086,107,080,105,095,117,100,074
104,097,084,109,061,074,094,085,097,102,084,067
061,103,096,090,065,070,067,110,088,096,089,085
102,110,095,079,075,069,074,120,082,065,098,119
087,112,090,109,061,095,091,110,062,070,068,113
085,062,115,091,119,113,099,069,106,067,117,118
095,074,116,089,092,086,114,112,086,069,104,108
116,077,073,095,094,107,110,073,102,120,102,101
093,118,112,069,113,064,116,085,108,118,094,095
078,083,076,061,087,082,120,065,111,080,089,096
087,090,107,063,106,092,118,074,115,085,085,064
085,111,117,085,120,080,073,083,066,089,120,070
101,068,081,061,107,097,098,105,101,107,085,068
