096,113,085,094,081,104,090,095,065,083,097,094
065,090,066,113,080,120,099,093,105,088,087,120
069,064,078,119,110,102,101,075,112,061,106,083
085,074,076,113,092,070,081,069,109,089,113,086
120,106,099,069,091,071,106,078,072,098,073,090
073,075,070,117,086,083,099,095,099,078,071,095
118,099,105,095,066,095,082,119,097,113,077,063
078,081,113,068,115,090,066,074,067,092,117,085
084,103,071,109,117,063,067,104,064,076,111,112
118,072,093,106,104,085,101,098,067,094,103,108
098,090,101,078,097,102,064,102,062,085,087,117
103,113,092,077,092,112,069,109,070,072,102,062
069,112,101,109,116,111,087,112,069,062,073,061
076,096,111,102,067,115,107,067,081,115,077,109
112,105,109,096,092,098,078,103,062,090,071,120
081,107,111,084,074,083,095,075,070,071,112,110
098,102,086,096,065,101,106,062,117,109,108,083
107,100,085,099,083,111,104,093,082,088,106,082
081,062,108,068,090,070,100,080,062,092,063,100
074,079,101,096,114,098,102,074,099,097,065,108
093,071,120,119,104,090,065,087,117,107,077,073
066,079,112,116,087,100,115,061,090,105,108,096
062,078,097,063,107,120,084,110,109,102,107,064
067,075,104,120,104,070,064,113,115,106,096,087
094,090,119,086,105,069,062,079,081,063,077,061
069,102,076,068,076,117,091,115,111,090,102,101
085,077,097,064,073,100,099,064,071,100,111,120
099,084,116,071,106,085,094,118,111,079,119,090
065,077,082,074,067,064,088,109,101,068,080,072
089,111,093,119,086,069,110,066,107,092,108,118
079,068,069,065,065,112,074,088,076,097,079,109
111,070,072,097,074,080,085,087,092,078,099,091
071,112,114,113,066,111,118,091,113,116,086,100
109,067,069,119,078,095,108,082,084,119,066,089
102,105,077,111,101,087,112,107,082,094,119,071
076,111,116,064,065,074,105,115,101,077,105,063
070,064,104,095,105,062,098,103,071,110,106,113
111,082,094,083,061,090,063,084,073,074,081,089
067,090,087,081,115,064,076,118,065,082,117,075
073,110,066,070,062,088,095,115,120,066,115,069
114,082,096,084,097,092,088,099,081,103,109,082
117,096,067,117,101,091,078,075,079,107,094,095
072,066,093,118,114,078,073,115,094,119,076,067
076,063,075,094,062,086,118,086,101,061,114,118
089,079,107,069,117,118,120,068,094,099,078,087
108,109,074,120,089,114,084,100,116,089,098,105
099,086,073,117,106,080,094,069,073,086,109,073
092,084,112,109,072,077,065,117,070,076,094,084
061,078,073,087,068,091,080,093,114,072,086,068
118,104,097,107,092,086,090,076,076,088,094,061
115,107,111,069,107,078,087,063,094,102,068,104
116,118,096,120,114,069,069,117,072,107,083,089
090,079,105,100,082,073,074,081,108,116,101,076
072,081,076,098,118,080,119,103,067,119,113,085
104,110,115,102,103,104,086,094,073,076,065,120
114,092,095,087,079,070,073,069,075,099,088,108
115,065,084,082,107,116,101,072,062,091,101,092
088,092,078,116,094,089,095,061,065,080,085,096
099,062,086,115,115,108,074,091,107,074,068,062
080,086,103,093,081,120,076,065,118,095,092,089
089,084,111,062,064,118,066,098,086,067,091,085
092,120,067,061,113,061,111,081,066,101,074,062
104,091,120,076,063,112,071,118,116,099,105,066
085,118,097,095,119,101,074,116,066,078,083,077
110,076,076,082,083,112,087,090,096,091,094,109
078,102,108,086,087,107,119,110,119,076,102,084
100,096,075,070,065,119,091,105,079,085,098,097
117,091,087,066,069,096,077,084,080,087,076,062
068,112,107,113,119,087,064,100,097,062,108,102
088,064,108,063,066,117,119,116,103,077,067,080
069,120,083,072,089,068,106,104,067,074,113,063
110,118,085,063,072,062,086,084,083,068,114,117
115,103,078,082,063,074,063,110,073,095,074,104
070,083,102,112,096,072,108,064,112,082,089,100
099,115,120,101,082,101,065,078,071,106,092,072
061,065,095,068,066,083,110,082,111,100,110,091
088,097,067,082,094,065,120,095,093,086,116,079
077,066,114,083,079,075,092,119,078,067,089,095
096,062,069,080,071,094,071,115,093,120,086,098
100,091,101,089,066,099,073,080,106,075,069,063
084,105,110,113,118,081,065,100,083,100,094,092
081,064,087,084,083,075,063,090,098,112,104,079
101,095,072,119,064,098,118,087,083,078,085,080
106,111,082,077,068,090,077,088,106,108,090,086
064,075,076,094,097,110,120,097,095,081,069,089
090,084,070,106,106,105,095,064,091,082,117,110
079,093,117,097,073,081,108,089,096,081,119,118
061,100,108,113,061,118,093,074,082,061,063,114
071,103,112,091,103,110,095,107,064,119,076,072
113,090,116,070,109,085,111,097,112,081,120,067
096,110,098,111,077,114,074,094,082,063,092,113
089,115,073,103,116,093,111,096,101,080,089,074
077,104,110,080,106,119,080,098,065,102,084,106
105,089,075,111,085,120,089,093,075,116,119,074
068,069,093,097,084,074,120,082,076,069,110,107
113,109,086,064,117,101,083,062,106,090,073,071
100,099,091,078,100,109,075,102,111,080,069,097
071,083,095,114,078,088,090,118,061,086,113,074
115,075,082,107,068,084,061,096,120,072,081,117
097,109,100,106,090,075,081,119,093,076,097,061
116,086,075,118,093,063,064,062,105,068,082,071
090,069,091,081,077,094,095,076,064,082,075,108
080,077,067,079,101,088,113,087,117,095,066,084
070,120,103,099,110,094,098,081,089,103,080,104
099,105,108,101,085,071,111,114,083,061,065,068
084,104,090,093,100,118,099,071,077,062,069,078
083,091,112,101,098,110,075,103,061,063,067,114
062,115,063,065,082,085,091,113,112,075,073,066
116,110,102,066,066,081,083,092,103,070,080,099
064,120,108,114,116,067,106,077,110,120,102,077
101,094,105,120,092,117,092,090,095,093,094,091
089,090,109,086,109,084,076,089,088,086,112,070
099,077,076,085,092,096,078,080,113,065,065,109
069,098,074,095,078,084,115,101,079,073,062,108
099,068,118,077,072,104,076,074,105,078,079,112
105,071,070,088,097,077,088,112,116,094,084,080
074,114,092,095,102,067,095,096,110,081,096,071
109,075,109,064,086,103,091,067,102,089,114,105
090,074,116,081,076,080,064,074,120,109,080,075
089,073,109,080,069,067,063,101,086,074,091,103
099,076,092,082,076,103,096,070,078,089,073,099
108,080,099,079,082,100,072,068,105,111,114,068
079,101,104,113,119,102,101,100,106,087,093,082
113,084,112,067,068,109,105,116,081,109,095,072
094,088,068,061,075,120,091,075,084,073,089,061
064,079,096,066,104,088,102,104,099,104,064,091
098,067,106,067,109,078,101,084,070,094,080,083
119,073,086,110,094,104,112,113,087,077,084,085
085,116,088,103,064,080,063,111,096,064,118,083
096,112,087,089,095,067,071,088,111,074,070,105
079,086,067,110,077,096,073,112,083,084,077,090
113,099,080,068,097,091,115,100,075,066,105,117
080,063,103,074,103,085,079,091,072,084,098,075
110,099,071,072,107,065,104,087,103,083,066,103
116,100,114,087,117,061,103,072,118,113,072,074
084,062,073,097,118,105,116,109,119,083,103,109
115,079,090,107,075,086,094,117,069,092,108,098
092,093,065,086,062,098,091,070,066,088,087,070
105,110,062,119,075,113,117,099,117,104,068,103
120,100,069,113,061,084,114,093,085,097,099,063
069,088,078,111,102,107,071,097,083,079,117,080
072,093,083,085,111,092,091,063,096,068,108,095
115,082,113,062,113,079,081,083,080,066,073,083
094,114,119,063,089,117,099,111,099,067,115,080
110,108,081,106,088,106,075,061,074,069,063,118
115,096,120,108,105,103,078,077,111,072,102,086
114,104,068,119,075,087,106,112,104,071,105,076
117,098,072,102,065,116,113,105,064,117,107,101
079,063,098,107,095,110,073,092,118,066,098,115
105,061,086,112,073,065,100,103,090,080,119,091
110,100,099,070,081,100,067,089,072,109,084,097
086,082,098,106,069,116,101,099,094,107,105,104
107,099,115,117,079,065,106,079,086,091,088,113
068,085,092,104,072,089,082,102,096,098,076,112
066,063,091,102,064,092,097,068,070,095,069,061
114,075,098,087,068,117,066,107,067,100,100,093
064,063,068,066,098,109,090,108,095,088,115,074
086,106,101,073,114,102,078,079,104,108,069,104
067,097,113,080,098,093,074,099,061,076,071,101
120,083,064,073,075,074,062,095,105,074,095,077
064,084,071,087,112,120,099,090,109,090,114,112
081,077,117,093,082,104,062,114,098,091,080,092
105,087,063,078,091,076,067,066,114,073,085,088
104,078,074,110,061,071,093,084,102,096,062,117
073,088,078,064,068,093,119,061,078,086,102,118
119,097,070,082,104,096,120,117,067,085,103,114
111,101,118,089,086,077,091,092,114,065,075,096
074,112,076,071,075,081,113,115,064,105,114,071
065,105,111,064,107,061,091,084,097,115,102,090
104,076,067,070,073,062,079,082,110,109,073,111
064,066,088,061,095,103,078,094,100,108,115,078
093,067,098,074,065,096,072,088,094,106,108,092
061,091,086,120,068,067,113,111,073,078,089,097
076,079,112,108,086,071,084,116,067,101,106,117
107,111,071,081,116,115,070,097,088,081,086,095
066,108,095,079,093,083,074,071,082,087,094,072
093,069,110,101,108,079,075,072,113,102,065,091
116,101,067,113,101,086,113,070,068,111,102,120
097,079,098,079,105,108,087,099,078,076,077,107
110,115,100,062,112,064,110,092,115,066,065,070
120,061,064,090,118,097,076,086,087,116,114,090
089,085,109,114,098,084,064,103,081,102,082,097
073,120,119,113,117,071,073,094,098,082,068,118
098,070,067,108,102,092,092,087,067,063,087,072
111,119,074,109,088,111,097,066,077,105,109,092
092,074,078,093,071,075,104,065,092,061,103,080
090,078,077,117,067,062,102,088,087,062,074,078
108,070,072,078,066,091,104,066,068,110,096,088
082,080,075,110,106,061,105,097,102,070,095,084
063,083,115,084,072,069,086,111,073,105,118,065
112,104,086,117,110,088,091,073,103,120,083,082
107,086,072,067,120,098,087,111,119,105,073,102
077,079,085,066,083,097,066,069,117,082,110,061
102,085,107,118,114,110,085,092,085,061,105,080
062,109,103,117,084,118,115,072,075,107,086,070
105,082,069,077,082,113,120,078,111,091,062,107
106,089,074,096,065,066,090,071,075,068,115,076
066,114,102,100,073,093,120,077,064,065,119,085
074,117,061,093,088,065,095,119,080,102,064,094
109,095,089,113,105,092,085,093,079,069,108,078
071,069,119,115,093,077,115,092,062,065,065,085
092,063,089,088,104,073,079,096,089,077,078,097
076,075,117,084,117,078,103,107,105,079,070,063
104,089,087,088,116,063,098,100,081,114,097,112
114,061,079,080,065,092,112,118,104,098,090,081
109,083,070,061,117,072,117,116,114,107,062,101
101,097,090,116,070,101,087,067,077,098,077,070
098,061,108,072,084,076,074,108,089,075,085,086
116,114,110,062,098,071,095,116,106,066,108,117
073,118,073,085,113,073,103,062,068,100,074,070
097,075,108,081,063,115,101,090,120,063,107,105
082,069,114,091,093,112,093,064,067,118,067,065
063,071,083,069,115,083,069,118,070,115,080,089
073,096,114,115,100,075,063,075,088,084,066,061
110,083,098,063,102,079,102,093,105,093,114,088
071,111,115,085,077,116,100,113,080,071,097,086
098,119,086,087,061,102,081,101,073,068,116,072
081,085,079,092,071,108,089,091,081,105,077,112
098,095,104,109,089,120,073,116,071,079,096,103
063,109,106,102,085,072,089,062,064,083,112,078
100,090,105,109,088,079,118,070,089,070,093,066
116,076,087,074,093,101,069,075,063,095,101,118
067,073,099,109,061,081,066,092,100,088,072,110
077,075,063,086,084,067,085,111,108,087,085,090
096,107,081,070,097,114,112,084,086,104,102,076
064,089,093,091,091,080,099,106,110,089,116,068
073,107,074,097,100,117,085,108,120,118,087,076
108,091,071,107,066,090,077,071,084,071,104,101
090,117,101,103,103,061,080,070,111,117,118,109
081,079,119,117,086,105,072,099,109,115,098,113
063,073,068,064,079,120,074,101,116,091,111,061
119,108,080,119,100,112,106,064,096,090,115,087
116,097,112,117,068,107,088,083,085,064,118,103
091,088,061,072,116,103,112,085,066,071,080,112
111,103,106,076,099,119,118,078,100,077,093,111
079,061,086,081,095,091,093,062,082,099,084,108
094,087,089,119,090,110,069,101,107,085,118,079
091,069,113,101,094,062,075,104,090,097,069,095
087,110,099,061,104,107,110,078,118,106,115,093
082,062,100,066,105,096,100,074,100,094,102,087
078,113,097,108,075,119,062,075,066,112,108,069
085,098,118,098,094,108,083,116,103,065,110,106
112,099,097,065,070,068,078,070,109,070,103,090
109,119,106,091,072,073,100,114,084,107,107,080
102,063,107,108,094,096,077,108,098,065,071,064
120,115,094,098,087,079,072,113,081,093,096,078
086,072,115,111,076,066,103,063,067,083,119,088
068,074,101,105,116,106,104,119,106,063,112,103
089,107,100,079,089,063,102,083,115,104,084,114
118,088,071,102,068,106,074,061,072,065,094,111
114,076,069,106,074,118,077,119,096,063,099,102
102,095,085,070,109,107,080,116,065,093,088,116
090,120,091,077,072,105,120,094,075,085,107,063
096,082,083,087,071,065,114,070,113,083,118,111
098,083,118,062,090,072,102,068,118,096,100,104
095,082,061,064,080,095,080,097,082,066,063,062
105,075,095,100,120,114,093,110,069,070,106,092
081,084,065,089,074,106,080,061,083,107,088,120
094,115,087,093,072,082,067,111,096,119,106,103
067,071,100,097,103,094,071,092,092,099,095,083
112,062,083,096,113,095,089,082,094,066,106,101
083,090,095,112,118,082,113,093,080,088,112,090
100,085,101,085,078,098,082,075,065,111,113,120
076,081,072,063,069,084,092,100,089,112,067,096
106,096,096,093,107,106,091,107,073,098,068,077
075,088,072,079,101,083,070,093,108,061,083,076
085,078,116,120,096,099,091,090,081,092,075,065
103,082,087,097,111,108,062,080,094,080,062,116
116,066,093,094,071,078,104,116,064,114,105,083
103,079,092,076,116,096,095,111,072,100,081,097
077,067,071,062,081,067,093,075,076,109,093,088
114,085,065,106,092,075,110,111,064,087,109,111
076,077,114,099,087,069,067,105,062,104,069,085
091,087,117,113,109,093,062,120,077,064,062,066
100,070,087,068,108,073,064,110,080,081,117,088
117,083,088,090,099,098,112,119,114,101,069,103
079,094,092,118,106,109,080,114,088,063,096,089
087,109,116,082,108,093,119,079,107,070,079,117
094,081,085,095,082,090,091,109,084,075,077,113
083,104,117,102,110,070,099,081,078,068,086,066
102,116,104,064,109,066,066,119,113,081,088,068
088,115,113,094,088,107,068,071,116,092,112,094
079,114,061,104,070,119,084,079,099,065,064,101
085,105,063,094,068,081,106,072,100,076,110,085
103,067,119,114,061,109,092,068,093,107,073,070
107,119,072,091,108,076,062,070,118,115,104,097
071,113,084,070,105,094,096,080,103,097,072,112
094,068,073,106,119,100,110,079,061,062,086,089
071,089,098,088,116,061,082,081,072,064,099,108
095,065,063,104,099,083,069,110,099,089,114,096
112,115,065,110,069,100,103,087,068,063,100,078
077,110,098,068,092,103,084,120,096,097,114,086
098,116,077,115,089,098,103,102,095,106,091,120
097,106,107,076,077,074,120,099,065,084,111,104
082,068,088,067,065,081,115,068,106,114,087,061
