087,116,081,071,106,071,071,105,067,093,089,078
120,061,118,102,118,107,108,104,085,076,080,072
098,102,108,063,088,111,080,116,074,101,118,098
063,112,096,113,092,102,100,096,110,073,090,112
079,080,083,091,115,072,070,089,084,074,094,063
107,110,070,116,117,074,061,073,095,100,099,098
061,113,092,088,067,070,072,079,099,074,105,090
070,079,101,093,092,068,080,085,109,081,106,081
119,065,067,098,064,119,075,118,119,076,117,082
109,075,101,108,096,106,078,067,092,091,068,078
111,105,088,064,087,074,077,096,097,111,110,066
089,107,096,110,073,103,068,065,073,091,090,115
067,081,106,100,077,111,079,089,087,070,085,067
108,088,114,072,109,089,120,069,067,120,113,105
061,080,095,061,087,113,065,112,107,100,109,088
067,066,071,107,098,094,074,091,087,095,112,096
099,102,096,101,087,064,070,072,072,111,077,089
101,077,066,099,096,118,083,092,099,084,088,084
061,079,081,065,087,101,096,120,109,094,086,079
098,114,109,078,086,096,068,093,084,115,103,110
108,111,069,114,106,118,111,103,118,101,079,108
071,088,075,074,067,100,078,075,062,067,083,115
094,074,092,114,114,093,099,079,113,098,112,070
095,066,071,098,109,119,117,080,071,103,120,083
061,111,116,064,070,085,064,090,081,100,108,095
108,096,085,096,088,104,069,074,079,116,102,119
093,112,117,110,114,105,068,079,098,075,103,116
062,106,100,077,085,086,075,115,111,086,066,086
103,061,061,089,090,101,108,098,112,077,097,114
102,101,103,106,065,088,074,114,083,081,065,082
111,098,065,070,110,075,106,110,103,074,110,074
063,115,096,081,082,066,092,065,085,113,061,086
079,112,088,102,079,101,080,106,076,090,063,095
087,103,078,083,080,108,097,109,087,084,094,117
065,110,068,075,115,110,088,063,111,071,090,114
095,098,078,113,068,083,111,091,064,098,119,075
069,108,098,112,076,064,099,064,075,090,087,061
094,082,120,106,093,066,102,097,065,087,085,114
063,084,083,089,103,062,104,087,103,099,072,117
062,101,106,064,087,118,114,080,101,110,107,079
116,119,072,075,089,114,076,066,100,104,104,120
105,108,076,107,111,109,091,116,117,064,092,082
082,113,073,104,075,080,079,062,098,066,096,095
068,104,068,101,092,071,081,113,076,078,065,079
096,116,116,077,088,093,104,085,091,068,114,070
100,088,119,080,083,086,070,103,062,063,079,077
094,064,076,109,104,112,117,067,093,077,084,109
072,104,106,082,102,083,096,075,080,113,080,065
069,098,084,065,070,084,103,088,083,079,099,119
062,088,117,076,065,109,110,116,070,064,065,120
077,113,078,086,067,086,088,087,078,093,117,096
078,084,101,070,113,110,109,067,092,090,093,089
094,076,082,115,066,077,072,108,119,063,068,119
104,116,111,066,088,094,096,083,106,093,092,120
111,102,083,101,115,106,082,061,074,120,067,095
077,092,069,089,079,078,083,076,068,094,065,100
084,117,116,101,114,119,086,097,119,071,115,114
099,061,110,119,082,087,090,104,114,077,120,110
076,104,064,086,099,076,063,101,067,110,117,099
068,062,063,113,085,091,066,113,101,061,066,105
115,091,094,066,114,064,083,071,100,091,061,088
117,120,104,109,119,078,077,074,089,088,115,071
089,073,091,076,115,117,065,114,080,069,114,104
072,084,101,071,070,077,090,082,114,066,091,070
065,097,077,094,113,095,088,067,095,119,103,090
103,102,076,086,072,083,074,066,079,109,074,079
092,100,107,082,076,101,094,062,120,095,066,069
099,114,090,118,086,115,107,078,111,114,107,064
067,112,108,112,061,077,084,114,089,091,077,080
081,102,073,109,108,120,109,099,117,075,106,095
117,068,116,099,091,110,089,104,119,094,078,120
074,093,097,117,079,073,099,101,100,078,107,102
087,075,108,092,104,110,063,066,107,086,064,061
092,095,097,063,108,083,118,110,098,074,119,098
114,082,116,062,097,105,116,113,108,064,061,102
066,065,082,064,081,099,061,067,073,077,069,093
115,105,110,076,113,106,109,068,104,101,096,064
079,091,070,100,067,090,095,101,106,087,112,105
115,118,076,096,069,086,090,120,085,118,066,072
106,091,067,094,098,117,082,111,094,105,075,112
067,075,061,118,095,091,114,068,111,117,071,099
065,098,084,066,102,110,111,115,073,064,082,101
069,095,075,101,073,093,097,088,074,090,090,072
116,067,065,095,084,062,114,110,075,082,091,117
091,112,100,080,074,083,071,112,094,112,095,083
088,083,101,067,071,070,098,086,096,070,112,086
117,095,090,086,101,085,092,087,106,072,069,070
101,065,075,062,069,103,088,119,076,089,102,066
098,087,117,077,117,101,114,062,103,066,095,084
109,090,097,120,112,066,104,096,104,111,082,086
088,069,096,107,064,068,103,079,072,112,113,117
073,076,120,102,073,094,099,096,084,119,119,086
061,069,091,087,067,114,100,089,081,075,072,068
063,116,085,090,092,079,091,103,103,089,067,079
104,078,116,115,081,114,089,105,096,071,102,084
113,090,098,104,099,094,080,096,110,061,105,069
119,093,075,113,072,105,091,097,104,077,081,115
068,077,115,077,093,064,096,061,103,067,068,066
110,078,063,089,072,113,111,076,095,104,111,113
070,075,080,087,068,096,090,117,103,114,075,061
104,097,094,084,084,101,068,097,092,084,105,101
109,069,115,103,112,111,110,092,098,110,084,098
062,089,076,077,078,063,089,096,092,111,104,118
117,114,105,099,074,073,066,107,104,119,107,108
092,061,084,064,086,089,101,103,106,111,084,106
077,075,109,077,112,064,064,095,119,073,090,068
085,064,090,079,062,095,074,080,109,061,061,093
073,099,089,068,093,082,075,071,112,082,120,101
089,067,099,111,095,090,073,069,061,071,097,062
097,061,098,096,063,096,064,091,118,113,068,110
108,073,069,064,108,094,090,063,083,087,089,081
098,072,115,120,105,095,113,102,090,096,079,066
073,090,087,077,106,088,117,089,114,113,099,062
095,089,065,074,117,083,116,081,086,063,084,079
083,107,098,085,107,084,072,071,109,085,119,106
109,087,083,067,117,108,109,101,097,095,091,109
085,082,091,086,089,116,068,113,065,086,114,116
117,093,117,081,119,097,107,099,075,111,107,105
107,098,094,091,062,100,086,106,117,100,104,103
079,111,089,064,083,110,096,087,073,092,105,093
075,065,077,120,115,088,067,072,100,090,104,070
112,100,066,104,077,083,066,091,107,101,110,064
086,077,069,113,073,084,099,097,089,074,072,061
082,116,066,106,104,061,081,076,100,061,104,080
066,100,072,116,084,112,083,073,109,062,096,088
071,079,105,082,108,106,105,106,111,087,100,093
089,080,087,112,110,086,090,069,090,080,073,120
110,082,099,095,083,119,101,066,075,105,078,103
063,069,096,084,108,068,069,112,085,063,117,070
098,082,108,090,086,062,106,097,064,081,099,087
074,071,092,097,081,072,063,099,084,067,073,081
120,100,062,108,074,102,085,092,104,074,069,085
082,095,095,115,096,066,099,067,116,105,091,063
087,071,082,102,063,117,072,103,109,074,102,117
066,073,087,089,110,087,076,105,100,071,114,061
074,064,078,094,116,085,114,086,062,119,118,064
085,093,098,076,106,078,107,070,061,074,082,078
111,116,118,081,074,119,108,116,084,068,116,093
094,102,095,077,087,102,084,103,103,098,067,107
064,077,078,112,118,062,081,066,073,095,078,096
068,082,098,077,109,080,118,095,109,064,069,084
087,078,109,082,087,097,113,115,093,065,064,083
098,081,093,107,110,099,107,090,082,120,093,071
079,102,110,095,102,109,076,068,066,090,063,080
093,091,090,089,105,085,104,063,113,104,088,095
103,085,112,080,087,090,105,117,075,108,120,081
112,106,070,108,084,061,075,099,100,116,071,069
093,086,105,118,118,076,114,107,092,119,094,097
082,062,079,115,110,089,118,099,108,109,081,111
084,105,119,118,091,105,119,108,104,106,083,114
065,113,075,120,062,115,090,081,072,077,095,103
112,099,092,115,097,101,097,083,082,071,109,120
069,077,107,072,061,112,107,088,101,094,090,071
085,072,098,073,088,114,085,074,074,116,076,063
105,103,102,080,072,064,117,062,062,090,073,086
072,120,068,069,077,065,090,065,071,076,118,111
102,071,071,120,074,112,117,119,068,063,100,086
112,116,078,098,099,068,067,065,101,113,089,085
078,092,116,106,111,093,075,064,100,085,098,106
081,061,070,073,109,110,097,070,071,110,104,092
080,082,105,086,071,068,117,065,062,080,080,086
093,076,079,106,069,107,068,081,089,084,109,063
111,078,068,098,089,066,073,117,111,090,061,116
096,062,116,107,096,069,062,087,115,097,090,094
066,120,079,095,113,100,115,098,120,085,114,076
112,113,071,113,065,118,068,106,072,110,108,103
104,065,074,095,105,104,063,102,082,088,096,111
072,094,081,070,081,091,107,109,118,069,081,092
086,092,082,079,100,097,101,064,067,092,090,078
064,062,115,085,083,082,090,099,078,095,072,101
081,119,092,103,087,093,108,074,089,094,066,116
087,072,080,107,118,108,109,070,085,107,107,092
114,071,115,112,066,092,096,102,089,120,088,112
083,100,088,090,081,080,072,100,098,062,068,073
108,077,100,109,069,087,064,097,065,094,082,063
068,080,090,097,113,086,094,115,118,079,081,105
104,091,084,118,115,108,120,107,113,062,082,099
088,072,065,106,096,103,116,075,084,081,069,119
106,090,080,110,115,073,070,066,075,079,061,106
110,062,115,119,102,085,088,074,101,088,114,102
111,095,102,091,069,110,103,100,091,108,107,087
062,081,105,078,077,106,082,067,106,063,108,061
097,071,069,092,062,069,079,098,115,078,096,079
107,113,120,062,118,082,067,069,120,112,071,063
112,073,070,119,064,103,086,095,099,100,081,097
086,099,091,107,109,072,088,116,089,072,085,071
083,118,075,100,102,100,105,070,096,065,084,077
078,114,092,064,103,063,084,086,062,111,097,098
065,061,093,120,110,079,081,082,089,106,094,118
099,104,106,075,085,095,062,071,070,094,070,063
089,071,105,109,114,075,111,094,117,104,084,082
063,100,115,069,102,069,104,115,074,097,081,094
118,117,067,071,113,094,073,082,094,086,078,069
115,068,089,075,076,115,076,120,069,079,083,065
118,112,120,119,113,099,073,063,070,106,075,102
120,091,113,092,083,112,079,088,100,074,072,118
099,070,109,096,118,070,095,070,108,099,090,093
111,073,093,095,092,101,116,076,106,067,076,074
106,094,104,084,064,102,096,091,091,065,110,063
061,062,108,082,079,063,099,083,075,094,096,072
097,077,068,086,078,074,084,076,086,081,065,108
110,070,083,104,120,098,062,107,062,104,063,081
073,114,069,100,067,077,098,088,083,075,065,111
119,087,093,080,118,114,109,117,095,071,089,108
080,118,107,075,102,068,093,083,086,118,072,119
064,071,073,088,097,084,120,087,074,113,115,074
107,063,094,083,119,090,066,109,102,086,085,084
100,115,120,086,068,085,093,104,083,090,104,067
083,109,105,088,118,066,119,077,120,113,103,068
093,097,111,083,087,100,111,084,103,107,118,089
112,102,094,110,120,114,102,062,100,111,095,107
105,098,073,113,109,116,119,082,085,062,101,098
070,093,107,106,113,070,078,091,090,116,063,105
084,110,062,073,114,101,061,098,108,093,072,095
120,064,074,107,094,079,103,119,063,083,094,061
096,114,085,079,096,082,079,093,103,065,085,087
086,072,118,068,064,100,094,096,101,111,115,102
094,071,062,112,088,099,101,106,108,097,072,097
065,102,075,066,066,080,105,120,112,109,099,065
073,100,117,112,119,089,076,082,075,076,066,071
114,079,119,096,087,063,104,081,115,064,100,082
118,120,067,087,075,103,097,082,085,081,119,085
097,075,116,068,089,098,080,078,090,061,083,062
110,111,070,076,101,115,118,071,107,068,117,085
083,085,107,117,113,083,064,104,114,100,073,106
078,101,063,061,092,093,107,097,120,111,065,078
074,067,105,092,062,105,061,070,080,067,076,102
063,114,103,081,098,091,073,116,065,089,116,118
113,076,089,097,071,073,070,080,069,082,062,078
074,081,099,069,070,092,104,086,086,116,071,117
119,113,107,115,083,066,114,106,091,090,112,107
115,096,093,110,070,082,117,066,081,088,119,079
097,079,074,106,078,099,067,105,114,112,116,094
116,117,115,089,063,118,093,102,116,071,087,105
092,062,114,109,079,113,087,068,072,065,111,068
104,079,080,099,062,091,081,078,085,077,064,079
091,088,074,062,065,076,119,107,091,101,074,105
106,083,107,077,103,120,105,100,114,094,085,066
094,095,081,093,073,101,115,066,066,108,093,099
077,103,078,097,105,064,104,075,085,075,100,110
061,105,105,110,091,067,081,110,061,066,085,099
092,109,081,087,085,065,065,105,110,090,118,088
102,106,117,092,078,102,078,077,084,108,091,113
080,092,111,089,066,088,067,064,117,106,120,068
072,099,103,117,075,092,075,063,120,079,113,088
103,118,091,075,077,118,065,115,078,073,080,064
106,069,110,112,104,069,103,094,072,091,086,109
120,099,093,072,086,071,086,088,083,070,100,108
100,076,092,063,097,073,113,064,093,063,112,097
119,091,091,099,119,111,072,063,102,095,069,094
063,074,085,110,108,086,091,082,077,063,068,061
072,069,079,100,061,078,089,113,118,097,091,084
070,090,091,080,100,094,088,120,102,073,089,101
095,081,113,093,114,091,082,072,068,100,070,098
069,076,107,065,112,076,094,087,120,063,101,081
067,115,084,116,101,080,081,069,077,071,113,109
098,093,112,095,089,102,092,076,080,095,088,068
069,091,089,099,078,088,077,088,076,103,116,083
115,070,112,103,075,093,069,101,083,080,075,073
062,065,073,087,086,117,083,105,100,118,068,074
095,075,097,113,111,064,076,088,091,071,097,067
086,101,112,085,120,094,104,082,075,084,076,108
096,105,102,090,069,083,100,101,090,077,092,089
111,107,072,074,077,082,075,086,065,063,078,116
088,085,062,076,067,096,100,098,071,084,086,087
079,076,066,087,078,118,070,086,096,092,089,082
080,111,097,069,092,074,080,103,095,116,093,096
083,098,102,108,120,084,109,115,083,084,110,088
103,086,097,116,073,065,072,092,098,109,112,101
067,113,088,117,117,069,085,078,103,113,084,113
117,079,074,082,093,118,067,118,092,099,104,094
109,106,080,084,092,098,077,110,097,085,102,077
094,093,094,085,102,104,071,078,120,116,073,096
108,087,118,074,086,074,069,065,117,078,088,070
111,069,089,112,076,097,106,085,080,105,065,071
080,120,081,107,084,093,114,095,108,071,109,093
109,095,077,105,080,071,067,076,080,076,088,080
079,105,114,108,095,068,097,103,097,110,067,119
119,061,115,087,066,078,070,111,080,115,102,105
068,070,104,107,111,063,068,067,087,114,062,070
076,095,094,080,108,078,100,119,107,073,073,072
067,102,120,070,102,072,070,074,078,064,085,061
094,092,083,103,061,076,069,116,066,097,092,118
067,111,087,079,096,097,061,091,098,090,117,061
091,077,077,099,066,119,085,073,108,113,073,105
067,108,081,112,116,102,104,071,078,072,116,098
093,103,115,099,112,092,118,091,088,075,084,100
083,061,075,069,102,070,108,081,093,115,109,118
072,062,076,087,090,084,106,099,106,076,066,064
098,080,081,077,080,097,098,063,108,085,093,062
071,109,072,076,103,082,112,119,067,073,061,115
118,073,062,066,107,061,092,116,119,101,106,092
107,094,063,064,087,117,111,085,105,068,074,111
105,119,078,070,116,065,062,077,096,074,103,109
073,080,067,063,081,079,108,110,112,068,064,065
