110,115,100,068,105,062,114,099,118,097,109,113
074,093,112,110,086,100,084,108,063,064,116,062
089,119,074,101,080,078,117,099,066,087,090,066
067,106,065,112,085,079,112,091,099,076,068,093
090,112,061,086,091,114,070,086,118,091,101,098
117,104,072,119,063,107,081,115,067,109,083,078
061,063,076,071,080,104,082,100,096,092,114,112
110,065,107,105,101,066,120,116,113,076,071,090
096,106,079,062,080,118,114,088,065,120,091,079
073,110,061,111,086,081,097,109,098,071,082,072
105,113,119,077,110,091,071,079,108,099,109,091
064,080,092,114,094,113,066,061,066,077,108,114
115,101,105,083,109,089,105,065,107,117,078,069
102,092,073,091,116,117,070,116,069,119,114,080
081,061,101,093,097,076,072,093,073,106,098,084
086,076,100,079,080,120,074,110,067,077,112,120
120,084,087,093,062,101,070,093,073,064,115,079
073,118,112,098,064,106,074,086,069,098,071,106
076,090,120,110,077,069,115,109,109,082,064,079
099,109,062,072,099,081,079,095,065,072,074,109
089,093,092,103,109,096,118,105,118,119,090,108
114,116,105,104,114,083,091,120,063,077,074,092
106,108,103,090,102,116,112,074,079,114,067,119
114,068,120,068,105,073,082,098,096,067,071,068
081,101,117,085,087,088,089,088,073,111,102,101
078,106,067,063,090,100,092,082,089,104,115,100
118,117,083,068,083,113,064,070,118,075,118,092
078,073,086,082,082,061,114,087,061,095,094,099
118,093,091,093,083,076,103,073,062,103,065,085
100,085,068,085,114,081,068,088,075,111,115,067
103,110,062,075,119,108,115,105,092,119,089,065
062,086,063,110,080,117,110,108,071,114,111,104
097,067,098,097,083,069,111,114,112,092,073,088
075,095,085,076,061,098,120,113,110,097,092,093
085,111,100,074,115,104,080,119,082,062,077,088
071,097,088,094,103,071,095,081,087,116,090,083
109,094,075,070,120,097,099,085,108,080,103,102
120,119,096,120,065,064,097,108,097,105,108,116
088,091,076,068,063,118,062,118,081,062,071,069
073,076,062,085,081,069,089,102,076,074,088,115
063,069,072,103,067,101,114,082,112,107,083,117
083,082,089,108,086,103,079,084,099,082,064,067
076,066,099,096,110,118,101,078,080,068,075,069
078,068,074,079,102,114,112,076,067,084,065,077
072,064,069,090,072,091,113,086,075,108,104,066
093,103,119,116,096,065,094,085,117,103,103,080
111,078,105,078,075,099,092,076,092,067,101,084
085,108,082,112,115,118,107,098,105,066,064,103
118,096,104,070,106,120,084,075,094,084,101,070
098,090,119,061,107,081,065,090,067,099,095,082
067,088,094,076,085,090,080,084,100,062,113,081
099,115,083,070,118,064,105,087,069,088,114,077
070,108,117,068,073,065,062,078,083,075,070,074
084,065,072,110,064,108,068,091,120,067,105,086
088,096,069,092,068,109,061,075,091,074,113,114
063,116,072,075,092,111,078,108,084,106,115,071
119,098,118,061,098,067,080,090,063,083,116,085
088,105,119,062,093,061,079,082,104,107,107,062
102,076,074,082,101,079,117,113,098,081,085,072
114,120,072,098,110,104,068,115,071,110,077,083
091,061,077,103,075,103,102,081,069,089,067,081
113,079,109,064,102,113,062,069,066,106,100,092
094,071,110,089,105,093,120,118,114,084,061,110
096,078,087,083,102,084,062,071,100,067,077,099
102,079,090,068,119,097,076,077,108,094,109,073
082,107,103,094,068,082,114,086,091,076,103,063
066,083,109,078,103,100,089,061,065,075,118,111
093,062,065,116,087,107,104,085,076,118,089,115
065,094,109,119,108,061,064,062,092,084,112,084
087,085,075,074,113,100,084,074,100,105,100,087
079,073,090,109,105,112,083,119,098,116,082,104
088,111,094,086,083,102,107,088,068,073,103,088
062,068,070,068,068,101,116,080,119,096,074,111
117,082,092,075,112,080,085,113,068,064,064,077
104,119,102,064,114,061,063,091,080,086,075,071
073,113,098,111,077,071,103,119,067,066,117,098
081,091,084,107,069,073,117,062,104,100,088,066
077,112,100,108,095,087,077,084,093,083,064,117
081,104,064,111,077,116,112,108,108,066,080,083
099,069,087,103,073,083,086,065,080,077,066,097
096,075,104,064,106,063,118,101,088,102,099,084
089,114,116,069,065,088,081,120,089,070,080,089
079,099,079,106,083,111,083,062,096,087,116,086
075,078,086,107,087,069,087,061,089,120,097,092
081,063,078,072,110,076,069,111,099,093,068,102
093,086,075,110,077,061,082,094,067,082,117,088
110,092,089,118,076,109,083,097,091,100,083,098
069,112,080,072,117,071,101,119,105,096,087,112
095,114,114,066,115,119,065,074,063,104,080,106
084,083,081,068,083,081,084,090,093,110,072,102
096,097,116,099,118,065,082,097,065,100,107,092
116,103,090,118,089,092,111,105,094,062,069,106
092,087,093,111,110,068,112,106,088,079,107,093
093,115,113,106,109,112,063,088,069,097,066,078
116,088,067,083,115,064,098,108,064,089,107,061
091,090,063,119,071,080,080,076,093,069,105,081
081,084,114,101,069,074,102,107,066,103,070,073
110,116,093,071,097,070,070,094,098,113,067,076
087,098,066,070,110,079,091,086,089,072,101,099
083,094,065,104,069,080,096,069,104,103,085,098
103,112,080,107,077,068,086,117,072,114,120,095
113,061,085,110,078,097,084,097,120,094,109,065
110,094,078,093,074,071,068,069,087,071,105,103
102,061,102,077,087,111,115,091,068,089,102,106
083,092,099,107,099,086,101,097,099,098,067,069
120,105,094,106,083,101,068,079,119,093,107,073
107,085,082,087,102,110,072,069,072,070,065,069
117,105,119,114,095,069,106,097,073,098,066,082
061,092,097,085,088,097,075,100,090,096,110,095
107,069,068,087,082,091,071,081,070,111,083,061
079,098,090,106,086,108,120,090,075,082,104,116
078,071,100,097,091,106,082,119,094,090,078,098
092,072,102,070,113,093,108,118,114,115,094,093
079,080,120,109,068,116,062,097,120,073,120,074
074,068,105,101,100,081,080,092,096,076,085,106
077,079,118,068,107,096,070,112,116,061,104,090
102,062,095,074,076,079,089,087,102,104,073,061
068,092,061,090,114,103,118,074,111,116,113,087
080,095,077,097,111,101,078,081,090,074,062,098
073,097,069,118,062,084,069,113,076,081,099,118
117,061,075,119,120,098,100,102,094,061,096,061
072,100,100,093,063,117,090,097,064,095,116,107
102,091,063,096,077,118,110,077,111,071,111,091
074,094,099,061,105,094,107,083,096,093,061,105
072,087,065,093,104,112,113,089,102,063,062,077
094,096,095,063,115,108,092,095,105,064,103,115
061,069,111,100,063,100,117,079,092,071,081,106
064,087,104,086,062,115,103,083,087,084,088,086
075,073,073,093,096,117,063,082,112,073,080,115
078,079,078,116,092,091,087,115,104,095,076,070
115,084,083,109,114,117,102,094,063,115,093,116
095,066,072,096,069,086,062,104,091,084,080,099
120,082,087,099,103,096,085,112,067,074,106,093
074,087,091,108,080,075,076,087,096,073,101,091
081,088,105,082,100,078,119,068,090,114,106,082
112,089,071,108,085,061,081,117,082,113,092,078
072,073,086,095,117,090,104,097,063,112,116,076
083,065,077,105,091,067,109,107,099,105,091,095
109,087,089,085,082,069,091,077,071,064,102,119
082,064,092,105,097,072,118,067,074,115,064,090
072,094,116,097,083,086,102,097,096,077,112,086
101,107,114,104,064,113,112,093,074,083,096,080
118,094,111,102,095,076,085,069,079,092,074,081
063,075,095,109,108,093,073,084,095,115,094,117
093,081,115,086,072,095,072,104,093,102,104,077
061,078,068,065,071,083,118,100,109,077,081,085
099,106,074,078,116,113,096,116,074,107,099,073
079,061,085,077,105,114,107,120,104,099,064,086
108,076,065,067,084,068,100,066,096,066,108,104
083,104,109,062,081,072,096,098,088,118,102,086
117,106,072,067,116,090,111,089,094,092,118,083
069,084,080,074,102,067,062,067,077,093,102,095
067,071,079,081,083,106,108,109,076,117,099,112
075,112,117,110,068,067,076,069,100,099,096,111
062,087,112,081,107,089,117,111,120,066,064,066
094,067,101,106,098,065,094,077,078,115,083,091
066,068,070,100,120,099,085,073,080,088,111,094
113,090,086,078,074,073,096,084,106,075,090,087
077,098,114,106,075,088,082,085,113,063,082,076
117,115,093,109,081,073,081,118,086,092,114,096
071,061,101,076,097,091,110,064,095,088,073,104
065,111,118,078,105,102,096,068,070,078,091,085
076,100,072,116,071,063,075,076,101,117,110,070
108,120,103,065,116,073,118,102,065,078,117,072
075,109,061,106,091,065,103,109,120,069,114,065
071,112,092,062,120,085,086,063,072,074,110,062
077,087,068,072,069,108,104,061,091,107,067,085
065,102,067,080,111,113,105,067,086,106,096,115
093,066,116,091,118,079,073,071,091,113,108,088
067,061,084,118,116,092,101,096,093,117,063,070
094,080,061,080,086,098,084,064,061,115,112,097
114,118,071,105,094,115,099,062,099,111,098,089
089,099,102,066,084,085,113,080,109,071,072,066
083,116,099,097,078,067,106,098,061,064,089,079
073,094,109,061,072,106,103,107,088,110,106,110
078,104,075,097,066,091,082,081,119,112,074,066
108,068,101,100,113,068,117,100,087,063,078,095
085,114,119,064,112,061,119,065,095,077,070,071
065,099,110,111,103,108,094,089,075,105,095,073
096,085,119,105,088,104,090,062,091,064,061,074
076,063,118,085,069,070,102,080,088,101,084,086
097,061,065,115,103,082,103,061,064,100,116,118
120,062,090,078,061,062,093,080,099,102,093,088
092,064,087,079,064,075,105,069,109,072,106,107
093,067,095,112,074,085,104,096,115,082,078,064
095,097,067,111,098,100,081,075,109,102,080,082
110,114,084,076,087,106,082,108,077,100,074,097
098,068,106,118,063,114,091,075,103,097,117,091
076,072,090,107,074,119,095,098,098,091,094,081
098,094,097,063,076,115,068,107,090,063,089,076
071,119,118,070,120,100,090,101,069,102,097,111
103,084,093,076,061,070,075,094,088,112,073,066
079,090,084,104,116,075,105,076,092,115,095,113
093,082,113,101,112,094,066,116,071,100,065,106
103,081,119,095,098,104,096,112,108,101,117,120
080,110,111,063,118,086,113,077,062,074,081,109
089,063,104,091,092,104,112,083,089,077,090,092
067,070,093,098,115,113,068,097,065,095,070,062
114,094,083,096,089,083,075,067,086,096,110,109
107,097,095,090,078,087,081,119,115,072,073,119
101,109,076,088,116,081,084,093,088,070,079,072
067,110,111,081,080,062,105,091,091,096,100,061
108,102,120,087,086,087,120,102,115,070,119,078
083,085,086,075,120,111,098,066,088,098,094,068
114,074,085,101,084,071,101,063,111,115,086,111
071,085,113,092,075,090,109,098,103,113,110,096
100,119,101,110,071,089,101,089,084,111,108,113
064,097,120,104,074,063,103,106,079,067,120,063
080,070,107,072,067,113,063,108,066,071,101,061
112,118,115,102,084,116,119,113,063,072,112,078
070,087,099,063,066,092,093,075,114,107,120,086
114,069,104,093,110,081,070,082,062,106,085,080
095,094,084,109,118,072,098,115,094,079,071,088
092,101,077,092,110,113,092,081,103,098,074,102
094,097,094,101,071,096,093,063,090,111,065,117
067,095,104,069,068,105,101,073,099,064,087,110
107,115,088,119,116,112,072,105,086,066,103,076
104,113,065,101,064,076,087,119,063,109,111,095
092,106,102,117,115,066,107,094,081,089,108,105
110,105,096,062,065,070,063,105,086,110,116,079
116,067,077,074,077,108,084,113,067,112,107,119
088,083,102,075,103,070,070,079,120,072,088,084
102,096,069,066,082,071,068,106,116,071,114,075
104,109,098,092,097,089,108,072,069,109,087,104
082,111,081,108,065,080,061,068,099,103,102,071
074,105,103,069,089,062,090,067,084,061,092,099
066,110,065,107,075,120,086,077,085,115,073,082
119,106,103,078,094,063,118,109,098,076,063,092
079,063,100,080,105,070,100,112,111,080,079,104
100,106,119,094,078,120,088,090,090,077,070,098
070,114,064,107,070,107,077,106,074,116,119,086
073,063,089,067,073,087,079,065,097,093,087,097
101,080,101,120,091,099,115,116,111,112,113,099
102,112,075,113,105,090,120,061,078,114,084,063
081,090,080,105,099,070,079,093,063,080,118,113
107,078,094,104,109,105,102,090,119,084,089,106
104,101,078,088,065,071,088,120,100,073,096,113
115,090,094,069,066,107,070,090,110,084,062,114
078,077,087,067,109,116,099,074,119,070,085,093
109,117,088,113,097,080,084,117,061,076,110,119
075,098,109,092,091,062,114,109,074,106,116,064
066,084,061,088,089,105,080,081,099,119,078,091
090,073,078,063,079,119,070,120,085,092,099,088
088,072,075,066,083,115,095,106,117,112,101,069
074,117,079,097,074,088,070,085,077,120,085,066
082,088,118,095,071,120,097,065,119,066,065,081
083,072,106,076,090,086,103,091,074,108,095,068
071,099,065,063,079,069,109,066,116,100,114,098
112,079,078,082,103,074,072,113,111,066,081,097
086,109,067,073,109,085,111,119,104,076,063,066
071,095,103,095,090,093,070,113,096,089,090,119
107,118,072,111,116,105,104,075,087,118,070,077
091,089,081,087,112,064,066,112,075,068,087,091
106,104,077,072,079,086,065,087,110,099,110,098
117,095,078,102,089,116,079,105,111,068,089,084
107,077,106,115,066,117,080,066,117,097,078,110
101,086,095,105,078,076,070,109,100,114,064,069
076,107,088,064,082,102,078,094,115,075,103,085
111,109,104,074,118,104,117,108,065,076,087,080
083,110,109,106,109,080,082,089,083,100,074,096
079,107,090,110,107,071,097,113,108,107,107,113
103,068,068,104,111,108,062,088,102,087,095,100
099,083,099,072,101,064,082,118,073,086,092,070
079,075,062,076,062,112,070,096,068,063,098,064
105,085,067,103,079,083,099,078,117,073,094,066
081,064,073,089,115,112,089,090,081,096,065,108
089,103,084,105,075,117,082,065,069,091,103,111
100,094,112,072,115,120,111,079,101,112,063,085
077,081,118,066,064,083,117,067,099,068,083,120
084,100,074,113,095,108,104,071,085,088,100,107
067,086,093,095,096,100,070,095,091,071,080,073
095,085,091,070,111,062,116,101,079,066,063,062
076,111,069,117,107,067,110,100,095,101,105,098
078,117,103,079,074,098,072,086,070,084,087,075
095,084,110,107,089,086,106,070,086,097,096,064
085,078,113,078,096,082,069,115,066,062,093,114
072,084,116,082,064,094,089,078,113,112,090,072
095,116,064,120,071,118,107,075,091,094,081,066
073,077,096,095,117,092,066,065,092,120,073,092
064,093,101,087,119,091,102,073,072,061,082,090
069,110,097,114,075,101,106,088,112,068,103,120
101,077,062,108,099,090,108,096,109,079,088,109
071,072,068,086,119,117,063,098,076,119,079,120
115,077,096,079,089,066,078,084,087,108,102,085
086,071,099,095,080,091,077,075,070,081,062,065
089,075,074,089,089,117,065,061,088,100,113,066
064,114,113,062,082,101,067,104,085,075,083,095
067,108,082,077,114,073,111,077,073,108,097,115
117,077,074,064,092,088,120,093,118,103,076,120
082,084,070,117,106,111,108,079,101,071,100,069
067,114,108,092,080,098,095,089,107,111,085,119
095,062,105,106,073,115,094,087,085,086,110,082
109,100,095,107,065,113,100,089,092,065,101,103
108,083,073,062,064,085,098,118,087,117,106,116
094,116,066,099,113,071,072,101,102,098,076,114
