072,106,065,107,077,068,113,099,120,117,098,070
082,109,077,092,116,071,090,089,108,118,109,072
111,108,070,088,107,111,112,082,093,075,084,065
115,071,101,095,080,099,114,068,067,087,085,075
064,073,117,061,119,068,063,113,117,086,077,083
080,098,065,099,090,107,101,111,107,070,095,091
091,084,109,120,098,120,067,073,119,084,108,064
071,078,083,082,099,114,074,071,069,103,120,116
075,073,115,116,096,084,064,081,091,119,089,067
080,119,088,082,063,088,108,087,081,111,083,109
114,116,080,068,073,069,105,090,117,102,093,116
076,107,095,075,072,092,104,110,079,104,079,089
061,064,107,080,120,080,090,075,071,095,066,093
101,077,108,116,086,115,111,067,113,114,062,069
065,089,080,087,079,077,117,085,081,103,066,110
099,079,099,092,109,080,074,115,109,091,074,087
118,065,112,085,116,101,090,100,063,082,086,068
116,090,072,086,079,100,088,114,119,113,097,069
063,071,104,105,111,119,070,110,066,062,100,091
072,098,067,101,097,091,096,111,081,071,111,120
062,111,075,112,093,105,101,119,103,101,118,081
064,109,089,072,099,111,074,090,114,062,064,079
081,078,073,100,061,086,067,099,098,067,090,092
064,094,076,112,074,064,066,103,095,087,088,073
112,109,086,082,120,108,097,067,114,112,089,108
061,097,088,077,074,113,115,111,086,087,065,100
102,082,064,114,067,069,099,104,078,094,104,111
084,112,100,113,101,092,082,079,098,103,091,083
101,083,068,096,080,113,080,066,102,093,098,071
120,075,087,065,111,089,076,095,120,063,062,088
080,117,078,074,098,119,101,102,090,104,064,116
084,101,104,067,108,076,115,069,120,064,120,092
063,105,109,108,097,099,106,108,079,115,082,065
096,093,102,071,068,105,078,105,109,101,113,067
113,066,062,082,088,104,088,107,069,083,079,065
087,068,088,120,066,119,110,119,086,099,114,093
108,074,079,083,093,100,102,088,106,107,100,099
097,094,075,089,119,062,103,061,086,100,111,078
079,086,106,092,072,095,065,063,087,098,115,062
109,095,107,119,119,069,101,069,071,111,095,079
086,120,061,062,110,099,065,110,113,085,094,070
115,100,110,083,108,063,098,089,102,062,062,109
062,092,068,115,094,062,065,088,094,085,065,077
099,081,081,065,063,076,090,062,099,074,082,111
083,115,076,061,087,109,093,101,114,091,062,103
071,075,112,093,064,084,085,076,098,068,098,086
065,117,067,109,071,085,119,072,097,085,081,089
088,071,081,110,092,086,065,111,065,075,112,077
107,085,083,108,082,117,109,093,116,113,105,072
097,068,112,072,091,110,082,080,075,076,108,071
069,086,086,070,107,075,091,073,079,106,082,089
081,108,069,081,076,078,111,102,096,062,076,118
114,105,085,088,120,101,067,061,090,066,089,100
083,073,086,074,091,068,116,100,078,086,084,066
074,075,083,067,074,106,096,081,101,099,072,094
120,102,110,100,063,078,113,107,112,081,087,066
088,080,083,106,091,064,067,071,119,116,083,098
092,081,066,079,077,078,090,095,064,071,113,096
104,096,088,109,062,085,091,104,105,075,116,083
073,097,092,104,072,074,090,113,085,077,066,089
085,104,066,094,066,077,077,084,105,117,112,067
078,116,091,075,096,069,075,088,109,107,117,110
098,110,084,090,092,087,068,106,061,068,111,105
117,074,111,073,079,102,067,079,064,076,076,100
111,064,081,087,112,061,087,114,115,098,083,094
091,071,076,092,091,081,100,082,093,089,067,075
092,074,073,112,082,120,105,095,063,064,090,101
118,107,094,101,107,105,098,109,078,075,115,094
103,115,106,111,073,092,099,087,090,115,119,088
092,061,085,091,084,071,077,115,096,083,082,116
079,084,096,094,078,073,078,109,065,101,073,085
087,088,118,098,093,104,101,108,073,108,100,075
104,097,111,072,068,103,083,112,117,100,073,062
105,084,110,064,081,077,101,078,086,065,089,097
099,112,106,088,083,114,080,115,101,070,093,113
069,068,105,119,110,090,078,099,065,071,068,102
074,083,078,080,102,113,073,109,063,117,080,077
115,072,103,112,075,108,095,063,079,094,078,093
062,095,075,117,063,073,078,097,064,083,084,069
112,098,082,077,083,118,072,103,084,085,062,076
095,103,084,073,102,069,090,080,108,113,080,118
063,096,082,064,086,105,078,089,116,109,067,066
093,071,110,115,098,116,081,072,119,108,061,093
085,108,091,062,089,080,117,079,068,079,091,090
064,099,078,067,109,099,080,076,089,094,081,073
111,109,112,070,105,079,077,089,091,069,097,065
105,085,095,115,065,072,085,090,109,105,095,078
119,087,083,111,114,100,072,113,113,078,106,103
110,088,118,074,096,098,092,112,087,107,102,091
103,075,064,119,088,095,104,070,088,099,074,077
100,066,116,112,062,065,105,071,063,079,113,088
094,120,107,069,107,084,081,093,106,100,091,094
102,084,087,073,110,080,104,065,109,074,102,107
101,098,082,061,067,105,120,113,118,077,110,096
073,116,107,073,100,069,075,084,097,082,081,119
108,114,063,116,107,116,072,104,072,078,091,107
067,074,120,072,087,064,114,106,076,082,103,096
066,092,096,102,075,086,109,081,068,062,113,079
072,068,081,082,066,072,061,089,067,119,066,104
101,097,097,106,085,069,084,062,092,097,116,110
113,087,073,079,063,067,109,069,110,101,118,061
089,095,062,070,114,103,089,115,072,093,100,064
063,106,073,113,105,076,106,062,070,119,070,116
066,111,063,110,114,084,072,110,102,077,072,114
084,092,112,095,099,096,106,085,108,062,101,096
089,118,104,068,090,118,086,063,093,076,102,104
063,083,120,089,068,063,109,068,077,103,108,092
079,118,110,106,102,087,115,088,063,111,117,107
083,087,093,073,092,110,064,092,073,094,063,101
069,108,081,102,083,104,107,079,120,107,118,100
082,096,110,062,097,096,111,075,084,108,112,106
081,117,118,092,093,111,085,063,113,091,078,108
079,092,117,095,087,116,118,068,098,076,102,118
071,114,116,084,110,102,081,107,089,101,077,116
076,084,061,113,066,061,087,105,102,090,087,084
120,073,101,086,093,087,083,095,115,065,089,105
090,081,094,076,069,110,067,072,087,079,107,061
088,096,061,098,074,095,120,095,072,070,063,081
082,084,078,102,078,104,083,119,085,064,097,090
064,089,118,063,103,100,107,104,079,091,095,098
094,106,067,092,091,117,091,111,086,062,062,089
085,116,077,094,075,066,113,071,117,066,068,120
081,100,112,066,115,101,081,067,109,076,083,107
061,099,120,071,074,065,103,086,112,117,095,102
072,102,090,082,087,104,089,110,065,067,063,119
116,061,117,119,110,114,092,117,096,080,096,105
118,095,066,096,063,115,104,086,092,065,082,091
099,068,064,103,118,070,069,061,101,082,097,076
104,095,063,069,082,071,073,104,112,097,096,087
077,105,117,113,108,065,114,065,106,080,119,079
099,072,093,068,066,073,104,084,063,072,088,116
108,068,114,094,103,099,072,076,117,111,066,082
067,120,098,107,107,071,098,075,085,080,089,107
113,110,115,066,118,110,082,072,067,090,100,077
075,064,082,107,097,102,061,065,117,097,093,079
094,080,073,061,108,105,116,076,112,096,084,067
117,078,096,116,086,064,062,063,117,106,114,107
064,115,080,103,089,119,095,119,090,119,106,101
116,102,093,084,115,091,083,078,063,091,069,094
120,085,077,114,086,096,070,082,108,102,098,093
103,102,087,100,077,093,103,109,061,100,118,097
104,064,073,115,101,117,104,112,063,090,081,094
071,069,092,080,078,062,119,085,100,105,073,103
108,096,084,083,070,084,072,097,111,068,067,076
072,064,073,082,116,104,066,086,112,079,112,064
106,073,095,110,090,106,091,087,061,085,096,090
089,085,080,108,095,116,103,090,118,094,080,084
092,095,100,111,086,112,101,068,063,089,094,082
100,062,090,061,062,099,070,095,064,068,078,070
097,083,095,085,075,087,116,074,100,084,087,069
068,065,074,076,065,073,067,117,115,093,078,068
103,117,067,085,093,070,085,099,114,073,074,062
110,105,084,097,120,076,078,079,099,071,080,112
098,117,120,087,079,081,092,075,074,080,073,072
070,080,084,086,104,119,097,114,091,061,085,078
061,096,118,071,074,101,095,084,113,068,088,069
109,084,092,091,064,070,091,112,099,070,092,098
117,072,120,104,094,108,065,096,109,071,086,116
098,073,068,076,088,068,092,100,105,094,105,099
074,085,096,070,081,115,119,115,076,103,062,079
120,091,075,081,065,085,093,107,116,091,116,103
065,095,112,068,077,063,095,069,115,084,079,098
118,086,073,118,080,081,089,084,091,065,106,109
104,109,061,078,117,099,111,095,112,108,098,088
061,071,120,119,097,070,066,078,118,111,099,091
062,067,110,094,080,086,069,072,117,087,105,074
120,105,117,069,083,062,065,083,118,104,086,085
073,119,085,082,092,119,085,068,117,094,093,082
105,115,072,101,067,108,100,074,081,076,112,102
075,070,075,062,076,096,101,114,106,069,064,097
074,066,074,098,097,087,070,079,079,114,107,074
081,068,091,077,067,118,102,092,083,102,078,106
078,098,110,071,102,086,114,070,095,106,082,119
075,063,100,104,120,079,116,097,086,108,061,087
116,069,077,071,089,099,085,102,115,102,062,072
064,107,113,092,112,105,107,096,088,064,114,076
118,084,077,064,101,100,101,062,082,092,099,084
067,106,106,087,071,076,092,115,072,083,102,065
120,065,107,092,093,108,079,080,119,093,066,069
106,071,094,087,069,099,110,076,066,083,084,068
075,069,092,096,111,070,083,070,119,100,098,064
078,103,117,114,080,116,082,114,120,066,073,076
099,082,118,082,110,067,095,077,076,077,120,103
120,100,096,091,103,088,110,061,117,104,081,070
074,096,081,101,075,099,105,103,115,114,119,099
087,115,089,117,066,107,116,106,103,084,120,070
118,078,075,102,118,113,071,117,075,118,102,100
110,093,088,083,115,106,104,114,088,072,068,107
082,075,119,077,118,093,071,112,090,065,070,061
083,113,086,090,081,086,070,100,074,070,091,078
094,063,111,097,065,109,072,108,095,097,119,076
103,110,116,089,116,111,078,100,113,115,120,077
109,102,080,091,079,096,095,080,067,094,083,103
116,105,102,114,089,087,112,120,080,083,061,095
068,082,061,111,101,104,080,102,066,105,090,094
071,090,107,112,118,116,069,120,082,110,100,098
076,070,063,084,085,066,088,117,096,077,087,071
080,069,076,083,078,110,113,069,110,112,084,078
118,120,106,089,068,070,077,087,080,063,080,067
090,088,113,075,114,078,093,103,103,085,082,069
104,115,086,114,070,108,068,066,120,090,083,093
079,108,111,084,114,074,112,100,102,061,115,108
093,064,064,113,072,087,062,080,097,074,070,067
072,100,111,103,111,098,067,100,101,118,106,118
110,109,107,067,114,063,112,089,111,079,088,092
077,107,075,119,103,118,111,094,099,063,109,061
089,092,068,071,100,071,097,109,105,113,062,107
100,097,106,084,083,120,075,096,106,120,111,114
081,106,087,110,068,117,067,091,085,118,084,094
063,087,072,116,078,069,103,065,089,070,067,086
086,095,076,091,077,099,094,071,069,098,085,072
112,069,110,086,100,108,069,093,095,114,079,061
075,079,105,083,073,068,074,061,115,118,074,082
064,062,079,097,118,072,082,113,062,081,090,108
063,066,094,099,116,079,069,070,070,103,104,080
088,105,088,112,085,098,098,105,071,119,086,106
110,120,068,067,111,076,097,063,113,089,080,061
066,081,081,097,102,106,073,077,071,066,097,107
099,073,074,111,071,092,119,102,075,101,075,116
075,114,097,110,097,115,083,086,114,092,064,095
118,091,112,063,120,078,091,103,104,103,087,090
117,062,120,081,069,114,097,086,094,116,114,081
102,067,063,107,109,077,113,101,074,081,070,115
111,069,077,117,103,094,065,094,073,117,112,111
086,107,076,086,085,111,118,069,094,100,104,094
108,099,064,090,061,119,074,120,065,080,078,064
061,077,113,095,088,076,066,076,108,061,100,095
118,088,073,071,084,098,085,092,088,079,090,117
102,089,074,079,080,093,116,067,118,099,065,066
105,118,068,083,076,069,076,087,097,062,114,089
074,091,077,086,106,075,096,119,066,102,074,073
116,099,111,110,089,103,061,114,073,101,063,061
080,111,120,114,080,072,115,082,067,088,096,115
093,117,119,094,096,114,107,095,114,080,085,093
080,064,104,081,092,103,093,094,088,089,115,061
115,075,066,088,071,072,106,077,077,108,078,065
067,077,101,112,098,062,096,073,100,107,105,070
106,093,110,107,092,105,116,062,094,112,075,068
113,112,065,106,076,065,070,087,066,101,106,099
069,077,081,098,070,113,089,083,091,093,068,074
082,106,074,089,088,061,078,096,117,096,092,078
119,103,094,098,108,107,090,079,115,109,087,101
105,069,109,113,101,085,077,110,116,092,108,110
089,109,097,120,070,117,097,103,093,074,119,118
083,075,082,098,064,106,069,065,114,109,063,092
089,076,066,097,115,078,117,116,108,104,066,095
097,077,094,068,064,118,095,067,116,068,070,065
098,108,117,064,111,113,106,104,118,062,104,061
104,077,096,085,071,062,073,110,078,087,090,112
085,100,119,112,097,108,099,093,075,077,100,080
114,067,071,096,088,078,090,073,088,108,076,104
071,101,114,085,110,085,086,119,082,095,084,110
117,118,094,075,097,071,088,084,064,096,095,094
087,111,109,086,118,087,116,065,106,066,065,093
105,081,063,100,103,108,067,103,100,109,105,064
086,073,113,098,067,115,076,106,079,085,096,100
111,092,093,095,064,069,077,113,098,099,070,109
085,109,118,096,120,096,074,110,084,074,075,097
102,073,103,113,091,070,105,062,109,063,113,065
071,103,088,093,110,068,085,081,061,105,107,099
120,115,091,106,066,118,076,090,119,109,102,064
099,083,119,114,117,108,096,072,064,066,089,086
117,115,102,099,076,102,102,098,077,070,090,083
091,105,062,087,096,109,061,101,061,094,118,114
085,070,098,106,086,094,113,106,090,099,099,095
078,107,089,104,089,096,074,063,082,078,065,064
109,094,109,090,082,067,078,119,106,061,067,093
113,084,113,094,103,107,093,063,090,078,110,079
081,095,112,065,082,105,088,086,081,088,111,077
103,074,093,092,075,072,081,116,112,078,061,120
098,077,105,065,087,085,108,095,101,079,101,091
109,075,120,084,083,100,111,086,070,092,070,063
119,097,119,106,097,098,096,067,112,115,120,099
098,063,076,117,115,085,101,088,106,096,090,070
070,102,113,104,095,068,083,081,086,071,066,114
084,117,066,098,070,073,061,084,113,081,088,100
072,107,090,069,105,097,070,106,112,074,120,062
094,092,089,073,075,080,098,065,091,108,107,101
063,104,093,062,081,084,069,092,094,107,082,103
080,097,094,102,079,103,062,077,083,085,117,109
093,086,117,083,073,095,082,108,115,076,061,081
099,076,113,076,063,103,088,111,068,092,089,091
111,090,090,072,069,074,079,071,091,066,072,084
113,097,064,067,068,100,119,065,069,079,071,080
091,086,101,080,103,087,074,104,066,099,074,119
077,072,074,088,090,077,079,076,104,062,116,066
106,105,075,061,061,072,105,073,079,109,061,083
070,066,112,062,098,090,109,092,089,068,094,074
097,088,071,070,069,089,093,120,082,087,107,115
091,072,086,113,105,102,098,104,104,069,110,075
104,071,118,109,095,096,109,066,087,112,108,066
102,074,088,094,071,089,090,068,115,099,080,073
098,091,063,102,064,101,118,112,083,092,101,076
097,093,090,114,088,091,098,114,101,105,080,105
104,075,062,113,071,083,072,079,082,104,093,090
