075,105,069,120,107,096,085,096,072,084,096,101
117,066,091,079,090,098,082,074,105,077,073,070
084,116,113,089,110,083,080,081,090,118,068,102
107,075,085,083,073,061,078,101,079,075,091,069
065,095,098,079,063,111,104,111,120,076,095,111
077,120,103,087,088,108,086,088,072,073,085,061
070,105,065,068,089,075,070,072,106,083,075,096
088,075,085,118,062,067,109,096,097,107,074,073
117,061,063,104,119,118,095,116,101,099,118,070
078,116,108,111,090,065,065,112,086,098,062,113
094,104,082,100,092,077,083,077,069,103,119,083
091,106,118,068,069,094,097,087,120,101,113,114
068,086,064,077,079,074,072,083,098,117,078,102
079,105,084,093,109,114,077,108,092,074,110,074
066,063,102,099,061,115,065,084,061,105,078,080
072,089,087,066,098,077,062,104,112,091,092,105
093,119,073,098,120,078,109,069,120,093,076,095
099,066,078,110,083,064,118,107,082,089,092,083
096,069,063,082,088,081,079,096,113,119,062,078
083,095,083,104,062,089,088,114,091,104,080,063
071,078,086,073,117,099,062,064,067,080,067,100
120,067,084,085,104,103,091,119,093,098,070,079
106,103,120,075,080,066,088,098,115,091,116,091
088,100,065,062,064,086,102,095,110,066,077,109
078,117,117,114,104,061,065,081,089,114,061,120
086,080,075,070,085,066,108,089,099,104,119,094
081,117,085,106,106,101,072,111,098,075,082,071
086,070,083,120,094,080,113,108,080,096,081,092
099,063,110,117,113,093,099,080,114,111,078,085
072,078,095,081,063,092,063,119,105,104,075,114
074,105,102,072,113,105,074,108,083,089,089,073
113,071,098,082,097,112,083,112,077,070,080,088
106,070,073,113,090,082,099,114,111,073,120,107
086,096,119,102,083,073,063,118,118,082,108,062
093,065,107,086,094,095,065,078,101,105,094,098
081,077,085,093,109,101,067,087,096,077,079,088
073,116,091,073,106,089,089,088,087,072,069,083
101,069,079,108,115,087,087,070,084,083,074,112
111,089,093,106,080,077,113,068,117,082,115,077
062,117,095,085,067,084,070,094,096,066,107,066
114,091,119,103,076,108,096,090,070,097,085,090
077,062,102,066,102,075,105,099,071,104,071,111
085,114,061,108,114,086,066,120,096,092,069,092
101,081,118,096,088,083,076,069,062,076,072,064
092,084,108,090,119,090,108,102,066,074,113,107
111,086,083,117,116,064,101,091,114,070,080,087
077,102,110,075,111,120,093,087,079,099,108,078
085,110,113,120,094,063,074,106,067,081,118,088
103,073,103,092,096,120,065,064,066,105,111,117
105,106,107,095,100,116,111,103,076,116,066,093
114,098,071,100,063,074,093,063,073,067,108,068
074,064,076,109,064,095,098,113,068,064,119,089
072,076,103,077,119,101,092,070,080,071,073,108
084,080,095,098,064,112,093,091,114,101,114,105
074,103,091,092,080,091,100,098,080,075,081,118
097,116,097,084,115,096,075,077,092,108,083,086
071,087,098,062,114,063,071,105,094,088,087,062
106,088,103,085,117,088,066,104,111,082,064,107
089,118,069,068,115,069,097,094,103,098,114,065
100,103,081,075,095,079,072,065,118,061,108,080
101,118,084,088,107,080,090,095,090,069,082,092
099,120,076,070,109,084,085,086,104,079,105,073
078,098,064,084,100,108,064,063,114,093,110,111
074,096,112,073,091,087,117,095,075,065,114,077
111,099,067,110,074,109,076,061,106,109,112,094
082,101,109,098,086,079,107,111,111,076,096,088
066,069,107,067,061,066,112,062,105,119,102,112
087,108,072,120,071,101,120,073,116,114,117,084
068,077,063,095,068,094,101,110,119,112,107,085
082,103,090,109,118,115,087,086,062,099,100,095
080,083,078,079,072,112,073,092,069,061,065,079
114,061,099,112,091,077,108,091,096,099,096,105
115,104,074,118,089,094,120,084,086,108,078,119
068,079,112,087,103,090,071,098,069,113,102,087
064,098,100,084,100,083,072,080,087,061,107,116
110,089,103,096,069,073,082,110,081,094,108,095
115,103,113,078,070,109,064,106,104,065,077,117
104,100,061,089,103,076,072,097,074,081,067,069
084,071,086,117,120,082,080,118,061,078,081,107
113,100,081,089,085,063,091,068,090,101,115,065
072,085,078,067,064,090,077,100,081,106,112,117
093,070,075,104,063,110,082,069,098,084,090,068
073,104,061,107,111,061,063,112,074,075,091,120
100,065,096,097,107,100,084,096,093,083,065,088
096,067,105,081,115,086,109,102,067,089,073,093
093,117,108,103,120,106,112,095,079,118,069,095
104,119,069,084,089,076,117,091,096,078,099,085
108,082,061,102,074,093,106,111,062,069,106,082
089,107,069,093,119,072,116,105,090,075,110,095
078,103,107,102,096,110,077,101,096,063,076,083
094,107,073,115,071,088,072,090,119,086,102,088
075,078,095,091,068,083,100,115,063,083,095,073
108,096,061,084,088,087,073,090,067,065,078,106
097,071,065,109,070,063,116,115,069,071,072,108
082,070,119,088,086,105,104,074,088,073,113,115
061,093,116,077,118,114,067,094,098,089,112,098
076,085,106,118,082,061,100,120,105,112,102,115
063,106,099,082,100,076,101,064,073,066,094,062
094,061,077,078,062,061,088,078,092,062,070,119
110,099,074,080,109,100,106,094,087,079,110,068
066,076,101,076,063,086,091,103,113,117,087,081
120,098,096,114,085,073,081,070,066,119,086,091
063,102,087,069,093,080,095,096,097,113,118,117
112,108,105,090,065,110,113,061,070,065,119,110
082,109,083,114,118,103,075,118,093,109,080,105
089,104,088,066,083,074,062,114,102,094,099,095
065,063,087,074,114,076,087,111,116,067,111,091
068,107,097,095,116,108,062,074,063,101,082,064
079,097,067,092,068,115,087,110,071,103,091,085
099,061,071,070,076,071,120,081,092,116,106,110
098,081,090,099,104,107,119,074,115,082,087,107
109,120,091,089,063,113,117,063,106,100,102,103
117,073,097,066,100,099,081,068,091,072,111,078
102,083,098,104,101,093,074,072,070,117,115,074
089,077,115,120,116,068,076,073,097,065,089,102
066,067,081,072,073,064,065,119,104,084,115,079
104,112,093,099,102,076,072,061,090,062,117,090
101,103,077,118,085,094,076,075,091,083,080,082
075,072,081,062,090,091,077,065,074,116,075,112
113,102,094,091,063,116,076,110,061,064,119,082
081,096,064,075,072,093,118,091,062,101,087,084
117,068,086,065,083,090,075,061,108,099,120,090
109,062,072,069,089,103,066,078,115,112,068,109
090,110,081,104,110,102,091,070,116,080,092,094
104,077,094,103,064,070,066,103,109,105,082,065
076,118,106,066,102,065,096,094,093,086,104,109
080,113,064,076,112,085,107,117,107,110,112,066
075,082,088,105,097,102,120,085,096,091,101,111
063,069,107,076,118,083,107,090,066,118,086,099
100,101,074,111,088,116,079,109,078,114,098,063
083,078,082,102,110,092,108,105,072,096,097,104
095,061,114,095,065,101,098,080,101,070,061,096
106,073,067,064,120,062,105,120,083,108,081,073
100,105,120,079,069,085,066,077,074,065,079,113
108,067,115,071,084,107,117,076,115,098,103,095
118,078,084,119,111,070,101,066,109,107,086,067
069,075,063,081,087,095,083,113,101,088,088,097
071,079,084,112,115,076,076,105,106,075,085,075
072,063,067,076,065,106,099,098,065,096,072,068
092,109,079,073,092,093,120,103,112,107,092,061
088,104,062,103,071,118,067,079,110,114,102,093
100,063,111,077,104,120,103,063,120,094,097,089
080,065,064,089,089,115,110,073,109,067,081,111
067,115,086,061,073,119,104,069,113,082,075,066
063,097,095,115,083,082,108,117,061,091,101,085
067,098,084,077,111,090,113,106,104,117,096,102
082,081,079,081,067,102,069,088,102,100,061,109
069,111,119,085,069,080,065,061,085,111,116,102
063,076,079,090,078,100,110,077,103,107,074,120
082,116,089,109,072,066,081,113,109,073,114,097
114,090,070,095,116,119,108,119,085,092,104,078
116,089,118,084,106,114,090,112,097,077,093,095
114,104,071,106,084,078,081,083,076,082,110,115
100,094,108,110,069,106,103,116,086,109,070,104
090,102,066,113,103,110,090,061,111,075,113,095
108,063,073,099,076,084,086,069,069,074,079,062
111,109,120,097,083,098,092,088,107,106,074,098
089,069,101,112,074,076,069,079,093,088,108,107
114,067,072,114,066,111,120,112,072,095,071,062
065,111,096,087,077,076,113,070,064,110,083,116
068,080,111,064,079,114,063,105,066,068,088,109
095,062,086,082,078,105,115,099,061,098,095,105
079,103,119,080,065,099,064,069,067,095,108,085
081,085,085,071,072,105,117,109,068,075,069,077
080,115,066,115,110,097,068,098,092,065,096,062
088,063,086,089,067,119,110,072,110,070,079,080
099,116,090,081,073,100,109,091,096,111,115,072
091,082,107,063,069,112,118,087,082,088,094,109
106,061,097,105,090,071,114,092,112,106,073,077
083,071,102,101,072,103,093,115,091,067,091,063
072,113,072,079,100,089,100,090,086,118,064,092
078,073,071,067,107,077,069,098,080,097,070,112
064,097,076,104,109,103,064,113,063,062,080,109
109,072,092,095,086,078,106,086,112,080,114,120
100,081,097,099,077,095,100,079,077,063,099,119
079,089,073,102,104,096,093,096,091,081,110,071
072,092,063,120,090,113,090,106,097,101,086,075
116,069,070,066,108,093,075,099,067,111,106,087
105,085,105,082,085,089,096,070,062,068,102,111
071,092,086,110,119,075,108,114,070,120,113,104
102,064,109,071,091,105,095,101,066,079,093,068
083,097,081,069,101,074,087,117,083,115,108,109
099,107,065,066,075,083,108,081,107,074,069,102
089,074,107,079,093,078,105,065,102,080,112,082
114,112,065,120,068,120,118,113,077,093,088,085
097,119,086,101,089,063,062,086,071,065,083,105
073,107,119,115,067,090,066,083,119,062,077,074
093,110,091,100,097,115,101,107,073,094,094,064
063,090,062,093,082,078,066,062,119,096,080,110
082,096,078,090,115,064,106,102,081,064,093,105
099,071,116,096,114,087,062,088,094,114,099,088
107,093,093,118,120,102,092,090,111,079,073,082
071,120,095,086,105,111,084,105,110,105,117,096
092,086,107,105,082,072,066,082,094,079,119,120
098,097,064,087,116,066,118,092,106,108,070,080
115,081,092,097,114,073,093,100,080,061,074,061
116,065,100,096,083,079,120,064,114,115,098,105
070,090,079,082,101,072,110,118,069,100,066,084
065,108,061,071,120,118,107,082,095,084,105,094
085,082,099,069,109,078,080,064,079,061,068,089
062,073,065,094,070,107,083,109,065,087,116,086
085,113,101,113,110,081,068,085,091,076,072,062
096,076,095,109,070,085,084,099,112,071,077,071
078,070,072,099,071,091,112,092,094,101,103,112
064,117,065,069,064,118,074,085,092,107,067,105
108,071,078,087,119,069,092,079,083,094,071,068
089,065,062,075,098,111,095,104,105,068,098,101
114,081,084,090,088,067,074,114,100,075,063,068
068,106,106,062,091,074,065,118,099,089,100,074
107,115,108,097,109,118,079,101,094,118,067,117
112,110,106,072,082,077,093,104,091,098,087,090
116,085,068,096,105,064,110,113,109,075,071,081
082,093,061,101,074,102,114,071,116,071,113,086
076,094,099,083,097,069,092,113,089,092,105,117
114,103,096,113,109,119,086,102,100,086,103,067
087,116,066,092,095,089,113,084,095,071,091,113
092,099,102,079,068,112,089,078,077,072,098,110
088,070,078,092,092,087,092,111,106,115,065,091
096,089,119,100,063,061,087,098,083,061,084,110
094,086,110,116,089,101,067,077,084,102,070,103
118,062,068,101,068,070,062,085,118,099,062,100
106,099,071,094,087,100,086,104,117,097,078,107
113,116,106,117,118,116,080,101,083,101,120,095
087,119,072,086,098,076,115,078,080,114,097,085
117,079,094,115,061,068,097,082,074,095,117,065
085,077,069,105,106,116,086,081,098,106,093,116
089,112,102,062,101,104,115,101,114,069,067,106
099,068,081,099,090,076,082,094,064,091,069,107
103,065,093,089,089,070,087,075,108,075,100,061
104,068,065,076,080,106,081,103,083,087,099,067
081,076,063,078,102,070,082,095,107,062,115,108
098,065,068,111,073,065,113,075,061,070,100,080
120,117,073,096,117,072,110,104,107,091,104,087
078,097,106,097,108,118,073,101,070,069,061,097
063,084,099,113,115,090,063,071,098,116,098,107
109,066,103,105,097,062,119,077,068,095,113,103
063,079,071,075,116,070,062,084,061,077,106,104
084,073,076,092,098,118,108,098,075,092,094,113
064,096,068,087,079,084,081,084,076,086,081,116
088,061,072,107,066,086,088,103,097,073,110,069
115,075,117,089,111,116,112,100,088,091,088,112
076,093,070,098,085,100,074,113,104,082,114,068
095,080,087,113,094,084,073,068,119,092,115,063
100,068,061,119,083,067,067,061,105,102,120,108
064,103,101,075,088,111,113,088,075,073,100,070
111,093,119,081,089,071,115,109,082,084,078,081
075,103,080,062,092,080,107,088,073,118,112,076
068,076,068,103,077,106,116,075,074,099,082,068
087,101,061,112,084,074,064,109,097,111,100,111
117,085,111,062,099,070,062,110,083,065,095,075
116,104,084,103,064,119,119,107,094,074,108,104
110,094,081,093,104,080,104,085,111,112,085,067
080,085,092,106,108,070,112,118,106,119,104,064
098,066,079,110,104,067,120,088,083,062,114,100
090,094,076,080,106,079,084,091,093,064,077,113
079,064,090,086,085,102,098,102,103,083,099,076
084,111,120,089,118,095,115,105,092,102,068,119
076,079,105,062,084,070,067,063,086,112,066,064
116,072,090,077,064,114,086,103,103,099,115,085
110,091,109,097,084,115,108,069,093,075,110,109
071,074,067,101,103,061,062,070,092,115,061,116
096,112,091,099,067,070,078,068,091,078,088,076
111,119,092,120,112,093,112,081,108,101,086,071
102,118,117,116,076,119,068,074,071,066,067,112
072,071,085,065,110,120,092,117,089,087,104,102
063,109,093,071,097,093,086,077,065,113,105,087
100,092,088,068,117,102,063,075,094,111,097,068
079,077,090,074,094,075,084,089,100,097,072,118
103,093,108,084,115,117,114,066,111,118,088,115
114,102,117,119,092,104,071,119,098,096,116,079
071,064,089,090,091,075,066,094,110,088,096,106
090,066,067,118,109,112,101,084,107,083,087,120
092,101,079,112,069,118,076,097,087,073,107,065
062,115,074,117,072,088,104,072,117,075,084,114
075,084,110,061,083,096,116,101,072,094,087,076
076,106,081,097,069,078,113,112,118,100,113,109
064,100,080,073,095,106,064,085,083,111,063,073
087,109,071,117,099,094,120,086,098,119,087,094
095,119,091,097,087,077,100,117,109,099,080,120
107,071,120,116,090,088,104,090,082,087,078,074
113,076,097,075,085,098,094,108,067,068,088,064
062,091,094,078,114,082,086,097,070,074,072,098
081,109,097,090,088,095,067,113,080,117,094,116
092,068,064,099,074,097,080,111,090,093,095,066
084,086,100,110,100,072,071,073,077,088,076,078
111,113,072,067,115,111,067,075,090,116,117,101
083,070,091,102,082,067,095,078,115,070,064,108
094,077,085,079,097,118,066,089,109,116,096,071
091,066,078,099,087,099,107,114,112,078,105,089
074,067,084,106,079,119,082,062,068,084,116,062
079,093,100,066,094,093,080,089,102,071,117,069
080,090,109,085,105,118,112,116,088,074,081,066
086,074,077,099,067,093,066,108,061,081,112,077
103,080,103,097,064,078,119,114,103,117,117,094
102,081,063,087,098,092,104,118,067,097,087,085
