079,093,107,075,068,110,074,096,083,097,085,107
065,086,074,083,117,062,073,107,078,065,069,082
109,061,114,082,061,103,109,074,118,119,062,105
081,097,077,102,091,087,110,075,093,065,083,110
101,072,062,080,066,080,078,070,102,091,093,088
119,085,081,107,095,081,109,064,114,106,082,105
081,101,118,074,102,084,094,082,067,094,072,084
076,064,101,070,092,104,095,093,120,110,083,082
090,118,084,090,110,091,092,106,114,118,085,090
082,081,071,108,097,098,103,098,065,072,095,112
117,067,101,095,069,084,090,096,092,110,062,098
088,120,113,092,102,090,080,077,087,112,118,107
066,089,107,076,113,073,070,109,102,116,119,098
091,104,097,091,083,107,097,116,089,081,095,094
111,081,067,079,071,078,104,108,075,111,078,093
113,107,080,073,117,077,079,083,098,086,105,086
103,086,109,067,106,098,075,061,105,070,077,081
108,081,085,096,075,063,076,089,092,114,118,083
097,076,116,086,102,100,110,087,077,088,106,105
093,080,089,063,067,096,073,083,084,095,094,096
089,114,101,065,103,093,091,078,090,117,067,103
111,112,079,115,114,065,080,106,084,119,104,065
062,119,075,081,088,100,091,063,107,120,073,116
088,116,095,102,120,093,097,115,091,098,075,099
104,089,063,081,071,072,109,100,110,078,085,078
083,106,083,105,110,063,074,094,075,089,076,096
079,070,071,093,085,067,114,078,083,092,065,079
086,062,069,092,072,088,106,112,068,071,075,074
116,109,085,109,113,116,120,066,062,091,105,088
081,117,097,084,119,078,112,068,119,095,075,071
109,065,111,092,080,071,064,077,083,077,085,105
085,098,081,099,066,061,063,085,071,069,111,093
118,061,108,076,064,093,090,078,104,094,106,075
071,096,109,097,066,098,073,117,115,092,076,069
102,094,086,073,114,120,061,108,080,102,083,108
063,074,113,112,106,065,084,105,084,062,092,099
088,090,111,119,080,091,071,077,077,082,089,096
105,087,094,070,086,070,083,098,089,111,083,117
106,076,102,064,097,119,100,074,106,079,075,104
077,104,098,070,103,075,088,094,062,092,083,086
095,078,083,085,118,116,085,120,105,078,089,070
116,090,097,095,096,120,102,093,116,103,073,074
107,115,068,076,083,061,108,110,109,068,101,109
094,078,096,109,074,069,114,107,097,094,100,120
118,106,118,067,062,116,061,099,115,063,090,109
108,086,114,096,074,066,067,093,077,070,108,089
100,077,068,104,094,081,088,070,099,069,110,103
089,092,103,074,099,073,071,097,090,075,078,116
103,099,061,104,074,061,104,117,079,119,113,075
091,096,071,090,084,117,075,096,111,068,078,073
084,068,065,115,067,107,097,077,099,074,105,079
072,080,072,096,075,105,091,088,080,105,062,108
117,085,095,106,086,067,065,113,076,113,110,115
087,062,094,065,104,087,084,063,069,115,089,090
098,088,080,088,107,080,074,120,094,072,097,100
076,072,093,106,093,073,106,070,074,108,092,112
096,079,079,098,062,114,079,109,088,073,108,101
115,074,106,063,063,079,119,063,093,068,088,071
100,106,096,088,118,066,095,110,086,090,080,112
117,119,101,100,119,105,093,070,094,098,088,081
091,109,086,096,112,091,077,090,102,117,101,120
097,068,078,108,081,103,111,078,100,073,110,100
096,105,115,071,098,113,107,099,119,104,096,097
118,111,105,109,063,109,080,087,068,082,099,064
099,067,080,089,091,068,078,066,080,099,114,101
081,072,084,088,077,069,102,119,096,063,074,062
111,063,096,087,068,095,118,077,100,105,073,094
099,108,108,116,062,071,102,120,085,101,081,080
081,093,062,107,100,099,081,074,120,103,067,106
100,090,119,074,062,070,103,066,091,094,110,073
115,068,112,099,064,116,094,110,075,064,111,083
089,091,079,073,070,117,095,099,071,082,063,099
085,068,075,068,100,096,112,069,114,061,094,109
105,095,081,115,069,087,097,114,077,112,078,082
106,069,106,064,095,073,118,098,085,082,107,086
088,065,070,112,118,086,114,080,072,116,114,104
109,073,100,081,068,100,067,104,080,065,109,106
066,096,069,088,078,120,087,086,110,104,072,078
075,086,089,079,085,110,118,068,069,109,081,065
067,119,064,112,101,115,066,110,101,102,115,083
068,061,083,093,085,075,061,090,088,089,077,106
105,108,072,090,117,105,081,106,116,114,113,088
097,073,078,103,069,114,079,062,072,095,091,077
062,096,072,068,101,097,095,113,086,092,080,085
083,091,078,117,084,083,070,092,065,102,071,095
097,078,067,073,111,076,101,104,070,099,096,077
110,076,068,098,073,061,080,120,095,090,062,111
086,099,120,105,063,116,100,108,082,072,105,110
088,104,095,116,081,113,081,091,103,097,118,104
097,102,097,099,114,075,098,101,070,095,087,114
091,103,114,077,105,077,103,112,089,071,065,095
108,066,111,101,085,102,072,097,111,095,114,063
080,076,076,116,114,088,090,063,077,120,096,073
086,063,066,100,078,086,092,103,094,068,099,082
081,085,083,068,085,088,077,098,078,101,106,089
115,073,113,115,113,066,107,093,082,103,088,095
088,075,120,112,062,112,117,113,097,089,096,101
116,106,072,069,072,118,099,119,114,090,064,104
108,075,065,120,102,110,088,074,113,085,072,085
077,116,110,114,066,107,090,092,095,063,088,106
112,085,112,083,116,082,116,107,104,098,076,102
090,120,064,082,073,064,091,072,089,117,082,065
064,110,111,115,082,092,100,087,070,116,068,119
106,103,085,076,119,086,084,092,075,079,075,070
070,118,066,093,080,061,103,095,110,111,090,103
102,074,096,115,077,075,064,065,090,091,091,076
113,067,080,113,089,087,089,110,118,097,066,084
072,083,096,068,118,075,083,067,084,096,101,113
077,079,119,093,090,104,088,097,072,117,067,089
075,098,071,107,079,086,117,082,093,094,086,064
089,082,084,111,107,092,068,087,118,079,077,103
072,114,068,077,079,061,069,104,100,080,120,084
074,076,114,073,076,104,087,072,116,087,113,096
115,084,103,063,092,067,091,115,083,064,071,083
110,098,094,079,087,097,080,096,100,063,070,110
096,082,107,111,114,066,083,062,090,067,113,074
069,097,120,067,071,105,115,100,096,098,119,081
113,090,110,080,111,087,116,071,081,110,093,086
116,105,065,087,068,078,093,109,107,105,078,089
118,087,069,107,111,082,119,114,102,075,113,110
090,068,092,109,067,110,065,066,100,078,108,111
096,118,081,116,119,080,099,072,107,101,107,104
115,093,095,075,101,106,095,085,079,117,091,095
118,102,087,081,078,104,072,093,096,116,066,085
066,081,104,100,061,077,103,064,065,103,103,102
062,104,080,118,102,114,090,082,112,118,109,108
091,064,068,114,069,065,105,065,075,109,094,090
102,067,100,076,062,120,085,074,090,081,076,066
103,109,098,111,119,075,101,079,078,083,061,081
112,097,079,114,068,117,081,084,067,061,091,106
101,089,070,120,072,067,093,099,076,093,063,088
073,087,088,064,075,115,067,075,112,065,098,067
107,097,062,073,067,111,119,066,104,063,081,068
087,106,061,069,072,102,090,070,064,061,080,101
092,118,078,064,112,104,065,116,092,072,073,077
100,065,100,113,113,119,098,073,062,082,088,111
105,068,076,084,100,107,087,090,089,095,093,090
101,082,092,120,071,067,120,116,061,085,076,119
115,088,104,081,075,097,101,062,109,089,120,113
061,089,120,097,112,081,094,084,066,083,069,096
071,070,106,102,072,103,061,065,070,107,063,070
105,081,062,103,113,114,062,089,109,104,098,082
065,083,070,096,115,094,094,069,117,095,113,103
103,114,111,091,088,102,066,077,115,119,099,111
110,071,079,078,066,101,070,061,098,061,093,077
075,112,071,111,084,112,095,098,064,090,065,084
094,111,117,106,086,100,117,114,108,065,104,071
063,101,070,076,120,069,097,111,081,098,109,115
120,118,084,093,093,085,113,102,061,086,094,076
061,100,077,076,119,116,071,081,102,068,065,090
065,075,093,082,070,074,114,074,071,087,063,080
066,063,091,113,120,068,109,078,096,107,111,096
067,078,080,070,103,119,101,083,079,076,089,099
101,119,079,099,099,109,088,082,108,067,078,080
068,080,073,068,067,062,096,078,074,068,119,100
067,112,061,105,115,090,093,116,087,085,077,089
115,099,077,085,069,111,108,063,091,067,066,069
114,112,081,096,096,104,107,112,100,095,092,098
073,063,074,089,090,107,092,068,076,117,091,075
078,088,084,116,095,077,088,107,074,104,104,080
115,076,112,078,082,084,061,119,102,062,087,095
084,074,110,086,061,078,105,113,092,071,107,119
072,061,091,074,063,102,101,093,099,088,114,111
092,093,079,120,109,118,083,104,085,062,062,095
116,089,091,066,077,086,076,065,092,100,067,082
100,091,117,064,098,108,086,104,111,072,064,096
105,118,068,062,096,110,065,077,103,069,087,077
068,113,117,109,086,102,113,062,110,109,111,080
106,097,100,072,081,092,066,116,092,108,087,074
078,062,061,084,064,071,094,106,114,081,082,075
092,101,063,067,102,099,095,080,110,101,072,066
066,117,086,080,072,070,091,119,074,112,065,099
088,112,112,102,077,108,094,099,094,075,082,115
091,114,118,110,118,062,087,064,103,104,062,099
071,098,111,085,104,113,115,103,105,094,086,081
097,063,110,119,070,064,092,061,117,098,115,112
103,100,064,066,109,071,063,069,082,086,079,113
097,062,095,067,115,117,087,082,108,068,063,072
072,110,085,084,088,062,076,095,070,084,062,076
103,111,092,119,073,070,067,066,099,085,074,086
118,100,073,085,102,107,107,078,064,105,109,081
103,080,072,064,084,078,097,066,067,084,110,107
101,118,093,110,092,102,071,079,096,083,113,118
117,108,116,101,084,110,076,067,111,066,120,091
062,075,086,120,089,120,106,119,072,113,104,116
100,093,061,115,064,092,089,107,086,068,065,098
107,117,102,087,073,082,064,069,069,108,071,102
108,096,104,111,103,083,092,094,093,074,092,080
076,081,092,117,068,089,112,073,081,067,097,082
094,103,083,076,120,119,120,115,084,109,079,074
066,079,089,072,116,069,077,109,101,076,061,117
120,095,087,101,063,076,087,094,085,104,104,095
072,079,106,120,099,113,107,095,119,071,109,082
120,073,082,061,064,111,101,061,063,117,070,085
103,117,100,062,117,071,083,114,089,094,102,078
072,086,096,106,079,082,094,086,110,069,066,073
117,080,078,076,100,112,104,084,105,074,098,084
066,102,106,068,111,090,062,109,100,084,064,120
070,103,105,073,094,085,066,070,082,066,094,077
095,108,090,079,086,091,087,093,076,114,113,106
100,067,081,078,113,070,113,077,092,078,093,112
115,104,111,100,087,088,072,109,104,070,068,103
105,093,106,072,074,072,111,074,108,072,069,093
062,081,071,100,117,065,115,072,086,106,068,063
103,087,116,074,115,080,101,112,089,098,100,079
094,116,070,083,105,104,108,119,079,088,064,074
066,075,067,115,107,082,095,074,115,064,070,091
068,088,076,098,070,102,081,102,063,082,073,119
069,091,074,077,088,110,104,073,100,098,091,079
114,105,072,075,074,106,076,090,091,117,071,074
101,103,081,073,105,101,095,082,114,070,088,101
117,088,099,078,098,069,110,061,071,094,063,065
084,099,106,082,062,106,084,106,098,107,090,106
079,108,064,118,109,098,064,067,101,117,083,081
087,115,110,097,065,085,100,094,061,097,092,079
114,071,112,096,103,076,101,099,106,104,086,066
116,117,067,065,069,119,111,077,088,061,120,094
076,112,074,078,067,116,095,064,064,084,105,069
062,072,119,088,105,063,102,083,086,112,080,084
084,114,100,085,069,100,101,075,107,064,104,082
095,061,092,105,109,119,098,078,068,067,069,095
065,097,096,117,091,061,090,083,073,118,094,101
109,112,093,097,084,113,076,071,080,082,100,083
103,096,073,111,074,107,114,067,085,079,066,092
100,070,117,100,076,120,064,100,067,097,087,108
066,094,098,087,115,089,090,105,089,064,105,098
105,111,092,065,079,110,083,113,094,117,082,091
099,116,101,067,099,114,075,092,071,086,108,107
092,097,088,108,086,069,090,110,066,062,098,116
061,113,087,075,112,108,107,077,083,116,084,071
095,079,097,108,063,094,093,104,105,102,113,089
078,075,079,104,065,070,119,112,068,070,114,098
077,101,092,085,064,113,118,115,085,097,081,118
069,068,079,084,067,077,097,064,118,117,061,102
107,061,101,073,105,091,071,113,091,073,094,119
105,076,115,106,062,063,117,093,076,099,115,070
075,117,097,117,071,061,084,091,094,113,120,087
083,089,085,106,093,108,114,100,119,083,066,088
117,111,089,069,089,102,109,086,105,067,104,102
096,093,087,084,062,090,085,116,108,073,081,120
113,078,065,110,109,083,104,066,105,103,100,075
061,106,090,080,079,116,074,097,076,086,073,072
064,081,103,088,085,089,068,079,063,107,088,092
087,083,112,071,119,087,111,113,071,120,102,096
099,098,099,068,070,097,096,061,079,103,087,067
102,111,098,074,086,085,071,099,115,105,068,101
066,112,113,109,074,090,104,120,101,074,084,108
079,102,076,087,069,081,068,065,092,077,095,083
096,092,084,118,093,089,119,096,083,075,118,089
072,098,076,073,070,081,108,113,067,069,120,082
089,100,066,106,108,118,073,065,072,120,113,097
094,118,063,087,109,111,116,075,071,065,088,076
066,109,112,110,099,083,090,099,092,073,106,110
112,079,067,088,073,069,064,062,087,061,115,116
091,099,064,063,108,064,105,089,094,114,086,117
115,108,075,120,075,076,061,111,106,107,115,085
099,096,078,063,070,108,062,069,085,103,093,114
065,074,119,089,084,073,098,063,118,082,107,084
064,079,104,097,063,113,106,111,097,080,116,112
109,088,087,066,091,108,107,065,110,074,076,109
062,065,108,120,085,064,062,110,091,065,095,066
103,108,067,074,115,077,083,120,084,077,090,073
102,069,117,110,088,083,103,071,073,089,086,097
091,093,113,069,069,070,100,116,071,091,109,080
106,071,079,111,108,106,119,077,110,082,114,115
105,099,114,086,115,086,108,102,064,114,118,069
111,116,087,070,094,064,118,076,092,095,072,119
087,079,096,095,077,110,063,077,109,114,062,077
119,082,078,069,108,114,084,103,085,069,091,116
066,115,112,094,077,099,113,082,073,103,089,112
112,117,080,108,068,116,099,066,117,074,092,063
120,099,073,102,120,117,061,062,107,068,093,062
098,080,093,063,105,112,101,071,118,071,087,117
099,087,106,099,111,086,072,104,076,092,062,115
075,069,080,094,100,082,086,088,098,064,063,083
072,105,084,086,071,073,080,075,095,118,118,085
091,085,094,061,102,109,118,093,080,083,079,097
120,098,085,114,092,116,068,064,112,061,108,090
082,074,082,108,083,069,103,118,120,063,089,065
065,111,116,061,061,120,102,098,083,094,101,084
075,073,080,069,092,087,107,079,099,117,098,093
090,069,066,105,118,088,065,119,120,111,115,102
076,061,087,107,094,108,090,098,086,113,061,063
090,066,089,086,115,098,110,116,072,107,075,093
064,119,078,118,101,069,119,070,110,099,118,063
082,112,091,092,095,115,085,071,097,090,078,077
070,067,071,066,106,073,065,118,082,102,104,099
090,112,095,114,063,112,075,084,115,078,117,069
070,082,069,079,101,086,089,103,079,080,107,094
087,109,101,090,109,107,116,080,092,074,090,119
098,112,103,107,113,093,077,072,093,061,087,078
106,078,076,082,064,101,071,063,089,084,105,097
118,091,080,074,081,079,095,086,067,080,094,062
066,068,070,111,099,118,120,109,108,085,112,072
096,065,064,080,091,101,091,107,095,109,113,087
