079,080,118,091,070,072,078,093,072,069,086,073
106,115,085,078,113,087,105,073,105,089,112,074
120,095,061,107,107,074,067,103,082,071,072,082
068,085,102,085,118,094,063,099,069,092,097,074
061,110,105,081,116,104,113,092,117,062,062,090
107,103,101,095,061,106,107,115,070,081,100,082
089,078,069,098,094,092,074,083,071,105,099,119
103,115,102,120,096,079,084,087,108,065,118,076
068,064,089,062,106,085,115,104,070,073,065,077
110,065,115,111,098,109,094,064,089,064,087,086
079,083,116,083,112,078,097,104,097,080,113,068
074,062,085,061,110,116,091,119,090,081,114,098
087,091,100,062,096,080,095,115,105,116,106,072
073,113,102,082,111,079,082,085,103,108,075,108
074,061,092,084,087,101,078,091,078,076,087,093
115,112,063,089,073,071,104,099,089,079,091,117
099,098,095,109,118,105,080,102,104,105,085,062
110,103,103,098,091,070,073,064,116,120,077,106
091,113,099,076,106,088,092,065,089,075,108,094
087,064,114,087,081,104,068,084,068,100,100,084
092,071,101,066,076,088,120,106,084,120,112,070
089,117,108,100,092,110,082,116,096,073,117,119
086,063,114,119,090,103,076,107,092,119,070,082
119,116,061,098,087,073,071,101,112,111,085,083
120,086,099,081,078,064,112,087,108,063,089,061
116,107,097,109,108,087,104,119,072,079,085,113
070,067,114,117,101,068,071,083,115,099,068,097
098,088,088,093,092,114,090,078,107,108,113,062
101,103,118,099,070,095,065,098,066,105,064,110
108,097,114,084,096,077,096,076,086,107,075,065
109,081,080,106,066,084,105,063,109,080,082,077
104,063,113,115,103,111,106,117,088,101,079,071
076,109,117,084,064,092,103,094,067,082,086,090
104,090,078,080,081,074,100,104,103,102,074,094
072,067,107,094,119,065,105,074,083,069,110,107
090,105,098,083,080,087,117,112,101,102,113,093
083,095,064,104,101,092,090,111,086,069,087,082
085,079,090,099,084,076,117,071,093,098,116,068
063,066,074,092,083,068,064,083,081,068,103,087
087,102,096,108,117,095,073,089,120,073,119,112
100,065,069,063,071,116,080,088,065,085,081,089
108,116,117,073,077,073,093,111,073,072,111,080
063,115,098,119,117,070,095,107,081,069,077,088
093,105,064,108,096,118,102,086,111,096,091,069
091,107,095,077,097,089,094,070,061,088,105,078
065,061,085,114,095,090,063,077,082,069,090,113
067,083,106,104,062,063,081,101,081,084,067,102
063,090,062,098,082,097,062,091,074,088,096,069
065,120,078,084,078,096,115,073,100,071,107,065
081,082,098,101,095,076,081,087,076,115,100,118
068,098,109,118,094,104,085,115,093,083,105,109
117,074,083,102,095,062,069,106,108,115,086,114
081,110,061,099,102,109,083,063,085,088,115,072
112,116,097,118,087,071,114,101,082,074,103,092
085,076,074,070,107,073,097,077,102,118,087,100
087,072,100,089,081,118,070,096,098,105,062,067
069,104,107,120,100,107,066,102,108,119,106,074
074,086,077,117,072,116,076,097,077,087,117,078
100,064,088,111,108,080,065,062,097,103,098,107
109,091,067,087,095,102,082,090,118,101,070,083
094,105,070,086,113,075,101,067,074,120,101,091
120,101,090,085,094,065,062,069,071,119,079,103
088,118,080,117,114,075,085,077,074,067,111,094
104,087,066,100,098,115,098,104,114,066,105,113
107,113,063,073,107,114,075,091,061,068,093,068
098,080,105,096,103,075,094,086,095,088,077,109
065,090,081,097,064,080,090,117,071,072,085,104
106,103,083,118,115,102,067,085,069,094,105,114
090,069,067,092,097,114,109,078,113,106,104,083
114,068,079,075,077,094,119,115,068,069,069,117
066,090,107,099,087,065,072,062,063,101,109,087
112,093,083,084,071,080,075,088,098,102,104,095
071,064,117,075,092,111,096,117,076,090,062,114
085,072,093,076,075,099,097,065,116,095,061,117
093,077,109,075,079,070,119,095,106,111,115,118
101,113,106,118,080,120,079,112,118,120,072,105
110,072,072,092,079,062,098,113,086,119,088,087
068,067,089,074,081,112,072,119,117,105,073,062
089,076,108,079,064,099,062,115,065,071,077,072
061,079,100,102,103,072,103,085,075,102,093,064
097,091,116,099,077,066,102,069,114,112,100,109
112,084,110,087,120,113,093,095,064,111,116,113
066,120,111,102,110,076,117,107,110,089,108,076
089,094,075,107,100,119,100,067,113,094,075,062
109,112,061,109,081,108,117,118,079,092,086,083
063,087,102,064,063,093,083,115,071,081,062,102
096,071,088,083,089,107,091,090,069,111,107,097
062,094,100,076,084,067,078,100,096,106,069,095
086,085,074,096,082,062,116,096,102,094,117,083
116,093,073,111,117,066,099,093,098,100,098,072
082,107,081,086,112,102,072,109,073,109,070,109
102,076,083,113,108,092,077,068,090,120,099,108
095,061,067,071,064,077,095,098,080,103,098,087
070,102,101,075,085,091,078,066,067,113,097,079
077,069,076,116,107,119,118,068,063,109,095,094
096,100,088,063,092,062,079,119,090,112,070,089
068,099,065,093,070,085,083,073,097,087,101,064
095,085,105,080,062,071,063,117,073,092,084,115
105,075,066,092,114,064,110,104,083,096,109,079
108,120,110,068,083,082,076,066,104,091,114,071
063,097,075,069,105,088,098,078,108,117,066,061
119,061,086,076,062,109,086,100,095,091,069,089
093,104,110,066,063,071,116,102,093,067,095,075
085,120,101,082,116,065,078,113,094,080,105,079
091,072,119,088,071,094,082,064,078,092,066,065
069,108,111,089,091,074,079,099,105,120,095,105
086,066,088,071,079,094,103,120,090,073,063,081
119,073,100,085,093,081,064,116,110,084,068,107
074,095,065,086,063,074,118,074,117,113,120,076
061,063,117,087,084,116,098,097,080,089,091,089
096,082,110,118,088,114,076,119,064,063,065,068
076,077,077,107,112,101,092,098,111,062,112,080
106,114,101,106,111,084,065,103,095,099,120,072
104,082,087,096,069,087,072,076,113,082,095,066
067,108,063,072,081,073,114,120,079,098,097,117
062,103,091,114,104,096,075,084,113,111,076,087
066,097,118,072,095,113,068,112,084,089,064,115
081,103,068,103,086,082,106,081,065,091,117,067
087,111,063,079,075,104,103,112,112,064,092,088
080,061,095,097,118,065,110,100,073,103,075,066
078,094,081,079,083,097,073,088,108,074,065,102
100,073,111,065,101,084,120,099,107,096,115,068
093,106,094,093,093,100,067,097,099,069,082,088
118,113,069,067,090,092,064,105,118,103,097,111
105,091,109,071,106,083,106,068,061,115,102,068
099,085,090,083,064,067,080,100,065,084,072,075
089,112,096,064,061,062,077,091,086,103,097,092
104,117,109,090,083,092,092,120,117,115,100,117
101,070,079,064,088,072,111,100,086,072,104,113
087,085,080,083,083,076,066,113,079,104,097,100
068,091,105,076,110,079,072,099,099,113,113,064
120,083,095,118,113,063,096,102,073,116,112,062
087,090,093,096,106,097,067,081,088,107,100,116
093,079,120,071,103,076,101,069,081,102,109,068
074,072,114,103,066,119,090,075,074,111,103,071
116,080,110,069,061,104,106,102,080,101,120,093
098,066,089,116,119,064,073,112,071,108,114,118
080,085,120,063,104,068,102,113,067,063,066,081
099,082,074,071,087,078,074,110,074,093,118,077
062,066,083,075,072,097,114,076,112,092,074,085
073,068,076,073,063,091,061,073,071,115,088,062
117,076,077,078,101,083,091,064,111,068,101,076
082,075,090,108,066,111,084,107,116,092,067,105
077,062,061,118,070,103,105,061,086,095,117,068
117,111,084,104,118,087,088,066,082,111,081,098
112,099,063,070,101,117,106,073,085,092,094,082
074,069,082,073,074,079,077,113,120,098,089,098
115,065,066,103,104,109,061,084,063,095,099,065
116,117,065,112,111,075,105,083,080,115,076,081
091,112,073,102,101,107,100,081,114,078,116,061
081,113,106,119,061,069,075,093,075,080,108,062
091,082,065,113,105,062,099,100,092,099,093,071
090,070,111,083,113,086,067,075,086,109,080,110
105,084,078,110,112,072,061,077,110,075,111,071
103,063,120,081,077,101,114,110,118,093,078,088
065,105,108,112,067,119,067,116,099,103,084,079
111,120,119,068,105,115,061,112,095,089,099,111
079,117,077,112,088,102,089,096,064,097,110,105
118,090,064,095,114,094,115,101,076,061,116,111
084,074,079,120,115,086,106,078,093,066,108,086
118,082,067,104,090,064,067,112,119,080,085,066
119,077,098,071,098,106,108,098,078,097,070,119
083,062,084,108,084,095,068,089,100,120,098,082
074,119,081,065,092,077,099,106,095,082,076,070
067,106,100,106,096,075,086,112,071,113,112,071
117,072,067,098,103,119,118,064,116,106,070,120
106,075,120,062,105,099,080,070,061,083,116,094
081,092,092,068,075,077,082,112,075,076,097,119
111,101,109,065,113,097,094,061,096,061,107,112
080,067,086,101,076,112,098,118,119,085,072,068
066,107,064,072,064,061,106,066,076,067,086,088
093,101,097,096,115,091,096,120,118,080,112,110
086,075,088,079,068,087,080,068,119,084,107,093
068,120,116,098,074,115,093,069,076,091,099,110
085,101,096,072,106,070,103,089,114,061,085,094
070,087,064,106,078,104,076,064,112,095,116,097
101,096,078,101,114,063,118,071,090,094,070,111
103,117,114,104,109,066,107,085,070,093,065,063
116,091,076,063,086,062,068,095,086,106,113,076
111,105,098,112,105,082,114,083,093,097,090,110
118,066,100,091,098,074,065,096,104,103,091,083
071,099,085,093,082,120,100,069,062,080,090,102
061,113,095,114,100,074,098,117,114,100,091,111
079,078,072,094,083,087,101,090,065,106,098,094
100,113,102,063,114,116,091,067,103,091,095,072
092,104,079,115,071,070,063,094,085,081,110,101
069,065,104,066,100,072,079,086,100,070,103,100
078,086,074,075,071,077,105,097,102,071,107,083
108,088,082,078,072,083,072,061,097,086,080,084
096,091,091,099,082,110,070,098,081,061,090,119
088,084,102,078,084,098,117,093,084,062,092,091
117,109,110,094,092,105,109,064,094,117,073,101
075,120,088,097,062,104,084,096,078,062,077,116
101,061,085,108,065,080,067,110,066,064,083,119
105,102,080,086,076,069,116,088,076,079,082,093
087,074,071,090,118,078,080,063,100,088,089,077
116,101,062,068,108,066,105,108,116,086,066,087
063,098,093,119,109,067,103,074,082,068,068,105
109,115,067,099,101,062,073,097,089,102,107,111
063,084,074,113,118,075,068,063,118,069,086,110
094,106,084,086,061,092,080,091,090,097,093,072
109,110,111,077,076,062,109,089,105,107,074,104
102,091,070,078,115,069,117,092,077,079,099,088
069,078,068,088,085,084,111,104,064,074,078,072
102,119,080,099,116,066,090,084,076,106,066,079
115,120,091,084,069,119,116,063,119,075,065,104
088,112,074,099,086,111,111,110,087,061,119,089
074,073,107,090,078,099,098,090,100,112,102,093
092,070,078,115,065,076,105,100,070,084,115,094
081,107,072,089,073,066,092,076,073,080,061,111
093,091,114,082,077,105,110,102,115,081,086,092
074,078,071,061,081,114,085,063,093,103,093,108
067,107,096,095,073,078,066,067,114,079,075,098
115,066,092,063,113,088,112,094,096,090,096,088
069,070,111,072,070,105,061,102,085,073,110,071
110,073,066,068,113,108,073,098,065,078,095,079
113,114,109,108,098,111,068,070,114,067,076,104
105,112,068,071,106,079,071,104,095,080,094,073
109,099,099,117,110,093,105,069,071,089,069,113
103,088,071,078,118,073,071,086,061,082,087,119
091,071,103,061,096,062,109,111,062,087,081,072
069,079,082,115,102,117,067,086,109,101,096,098
112,097,102,099,113,119,068,079,072,084,105,085
074,101,064,069,065,082,101,119,115,070,093,073
099,083,082,117,112,120,074,116,092,080,082,119
114,109,090,116,118,108,077,114,089,108,075,116
108,082,103,109,096,119,117,088,112,113,103,069
078,120,111,119,077,120,110,077,094,099,083,100
089,104,105,101,118,084,092,082,062,107,097,099
106,063,064,120,090,072,080,072,076,082,109,106
107,072,072,114,107,109,119,118,081,111,108,104
061,120,110,119,061,090,080,090,095,065,107,071
094,083,118,063,082,106,061,108,087,105,101,072
092,107,094,068,090,079,097,102,118,085,089,087
102,079,065,070,110,117,090,067,102,104,081,095
084,113,079,067,115,075,080,104,106,108,070,097
108,078,077,104,120,091,089,067,083,065,115,077
070,114,094,088,075,097,078,081,064,086,104,088
080,066,085,069,104,118,090,100,075,061,073,075
116,115,067,111,114,111,096,067,070,108,112,106
107,102,070,110,071,075,082,079,082,103,110,113
092,106,111,085,082,109,081,119,110,096,069,071
083,103,118,112,096,094,069,073,093,080,061,093
086,091,116,081,080,076,089,113,108,073,091,081
113,103,078,068,103,116,075,078,069,066,092,109
087,115,115,100,090,074,082,080,075,068,097,085
111,095,080,107,061,091,079,118,093,090,091,094
098,077,112,104,063,112,072,102,106,062,102,084
070,066,070,062,061,067,073,114,107,078,096,086
065,074,109,074,094,101,075,085,063,100,103,078
088,090,118,111,083,108,089,120,104,070,086,104
091,106,070,077,061,097,077,103,107,069,075,087
102,114,079,065,094,087,063,119,079,113,096,112
067,095,089,092,062,118,065,101,083,112,086,105
062,097,110,062,116,079,087,116,099,086,091,066
110,095,106,095,066,082,089,099,092,115,110,083
081,075,063,078,091,079,083,081,066,071,119,094
112,066,113,070,095,073,116,070,100,061,116,118
087,107,114,074,107,106,073,091,115,090,107,064
075,063,117,120,090,077,113,096,073,067,100,095
106,084,109,083,084,093,088,120,064,070,075,112
101,099,093,089,115,114,110,115,066,072,106,110
092,100,116,069,066,096,081,088,094,076,094,109
103,064,097,120,061,086,104,073,077,086,114,099
070,107,079,087,096,081,093,092,108,095,078,067
118,089,065,072,071,097,064,088,117,064,089,101
120,110,085,116,093,109,081,094,099,084,107,104
112,069,076,074,080,081,103,095,109,085,075,094
075,070,105,119,067,120,079,073,082,089,099,062
077,083,067,065,110,097,106,090,117,085,075,092
101,108,096,109,088,089,113,072,089,086,120,109
086,118,070,061,074,080,067,088,078,119,063,110
094,066,104,120,104,101,114,093,109,088,114,090
086,093,093,062,092,095,084,064,111,108,081,062
092,096,101,100,086,068,105,103,112,085,067,077
088,091,099,066,063,082,113,080,068,074,118,070
114,065,108,068,092,087,096,103,102,108,099,073
107,079,087,095,083,078,071,076,077,099,064,075
089,114,120,069,069,088,110,098,080,069,097,069
087,099,077,080,067,094,084,069,068,090,116,078
069,114,117,086,103,084,065,088,076,111,115,088
092,118,091,098,094,097,094,100,085,089,106,087
097,084,097,101,119,109,106,105,098,076,115,067
077,081,096,063,077,074,077,100,089,065,108,091
115,093,064,062,088,110,098,085,118,067,066,089
063,111,080,114,109,084,114,096,109,116,109,113
115,096,091,110,108,114,100,075,104,072,120,094
092,102,078,061,074,066,081,064,064,098,086,098
087,120,109,069,108,072,085,110,077,084,071,085
089,083,064,065,073,084,062,116,111,078,063,107
095,078,108,077,096,068,108,110,079,100,066,083
119,062,085,096,081,117,076,068,071,095,071,106
088,070,073,065,099,096,090,089,107,118,102,077
097,115,071,084,115,089,099,070,102,074,079,101
085,064,120,119,117,065,082,084,094,084,106,089
