062,079,076,086,091,071,098,070,088,115,071,116
112,069,114,077,111,076,071,109,102,074,079,102
116,089,091,116,065,115,082,119,075,103,087,118
091,098,103,083,105,087,080,061,092,073,112,120
104,097,118,095,102,090,063,116,062,081,115,070
120,074,070,079,114,101,120,075,101,099,095,097
088,094,103,077,075,087,077,085,087,116,063,110
100,097,090,092,106,098,079,074,112,115,081,098
101,070,081,069,061,114,065,076,064,066,097,078
062,116,108,105,118,106,116,100,068,105,085,087
065,102,083,073,061,093,080,114,064,113,104,101
068,110,079,106,081,118,105,118,105,070,091,084
113,106,094,096,085,065,091,077,111,103,110,095
097,073,062,109,116,094,115,109,093,094,069,067
096,093,073,103,107,077,103,104,069,108,093,119
080,111,105,098,116,074,078,102,101,081,105,106
082,112,083,080,078,114,109,096,117,079,084,067
120,062,079,069,084,065,112,083,107,073,107,090
115,079,063,118,098,112,064,069,094,070,118,088
094,076,078,072,066,120,080,099,066,096,120,089
067,100,104,110,115,074,089,103,084,085,094,105
108,091,119,090,083,069,084,118,089,083,090,106
079,071,080,120,079,065,114,109,070,099,095,082
074,087,082,064,084,073,100,089,075,093,070,092
082,103,119,120,066,083,113,111,079,083,096,107
100,077,075,108,077,070,120,081,112,118,062,090
090,088,098,102,108,117,076,074,089,081,099,069
082,083,112,100,069,085,064,110,115,094,067,114
065,104,081,097,089,087,065,107,096,076,119,101
075,066,080,091,116,106,072,098,117,069,087,065
099,109,077,081,069,082,095,061,063,071,117,093
093,112,084,101,102,094,114,098,065,109,065,106
068,079,103,072,085,105,065,113,070,063,066,093
072,071,069,084,120,093,064,117,072,106,095,109
100,061,077,109,073,106,070,111,092,064,076,104
095,072,081,066,075,083,088,085,085,110,100,078
070,069,084,080,079,090,095,117,119,087,070,085
087,113,094,108,115,117,107,064,102,096,063,061
085,064,065,098,062,061,068,075,095,099,065,086
074,084,074,071,098,096,079,098,117,103,070,073
076,078,103,087,073,091,096,118,118,098,117,106
115,110,109,084,096,071,083,061,075,115,095,071
104,075,113,101,086,069,110,065,082,090,115,099
084,119,084,107,095,090,095,074,092,093,116,113
074,061,118,101,094,104,071,107,081,072,066,108
083,077,064,112,101,065,088,072,111,083,086,074
064,116,063,074,075,099,067,075,098,094,072,114
082,081,081,106,089,067,118,103,120,105,106,109
102,063,111,068,086,091,120,109,115,113,096,074
111,117,115,092,067,095,061,110,103,107,111,073
100,114,089,102,107,115,091,074,075,110,064,114
116,084,100,096,109,079,119,117,105,063,081,105
108,092,089,076,067,082,108,101,088,070,111,071
062,074,110,111,081,117,079,088,082,079,118,086
065,061,099,086,091,100,106,084,111,091,080,067
113,119,118,100,112,086,082,074,109,112,101,106
068,118,114,103,096,087,068,108,071,108,070,064
103,092,101,063,084,089,096,063,090,085,067,098
089,097,062,089,064,090,092,068,063,083,062,083
072,079,112,070,070,108,097,072,100,119,086,066
096,080,062,104,073,114,105,096,118,085,107,098
104,089,064,091,063,088,116,108,077,086,119,099
100,111,062,085,062,078,073,112,092,105,083,088
106,086,067,119,105,103,085,092,100,070,077,120
085,096,066,080,093,080,069,120,099,068,110,076
082,078,111,087,109,091,084,071,077,067,084,081
105,089,084,096,090,080,073,116,098,078,110,088
074,075,116,066,104,074,068,106,090,120,086,063
091,066,071,065,072,107,120,099,105,116,076,114
077,097,062,091,118,071,095,087,115,093,094,075
103,061,114,116,097,103,080,072,076,117,071,115
071,070,073,067,066,072,085,104,094,103,068,072
096,064,064,086,075,082,091,076,101,079,120,087
081,088,070,080,104,106,108,072,068,104,100,084
093,085,111,081,080,086,091,117,088,108,117,077
086,068,110,083,104,115,068,078,075,092,113,098
096,106,084,062,068,080,114,090,070,066,117,086
081,100,114,083,095,100,062,096,108,115,095,064
066,062,062,117,065,108,081,093,084,079,107,079
109,088,114,105,077,095,061,113,076,073,120,091
074,101,063,089,081,076,071,083,103,064,095,103
105,109,101,067,074,100,103,096,092,074,073,081
083,098,066,076,098,082,078,063,097,098,092,097
109,061,090,113,084,070,102,103,095,078,086,108
080,103,118,093,099,106,107,095,062,075,089,066
064,081,063,091,109,081,109,108,067,110,072,101
086,107,093,097,078,115,098,073,114,082,092,111
087,078,112,116,062,071,078,064,107,094,112,063
109,119,094,089,087,090,087,091,119,065,102,062
107,101,061,098,108,062,075,117,061,082,114,092
094,064,116,103,080,074,119,068,105,077,095,063
088,102,096,072,098,084,095,105,064,115,114,068
105,073,086,119,108,104,070,081,088,100,086,084
098,066,115,120,098,075,112,079,061,090,077,073
086,102,109,111,062,070,100,109,100,115,113,083
085,073,091,112,087,068,096,086,103,063,067,108
117,120,061,094,104,083,090,115,100,069,099,072
071,087,081,099,111,065,119,076,082,072,087,069
067,092,117,114,108,110,107,109,101,096,113,070
084,064,080,094,115,068,083,091,063,076,079,118
099,063,079,099,078,081,101,086,075,100,077,063
103,081,080,063,108,061,097,108,116,111,079,089
114,070,070,078,067,065,074,066,109,066,070,091
071,076,084,092,076,099,109,067,094,114,092,062
101,090,116,067,104,063,072,073,076,098,075,111
117,098,084,102,079,105,079,100,089,109,104,064
110,084,065,088,116,069,063,075,090,065,117,113
118,083,115,087,099,067,078,077,118,073,082,066
109,117,086,094,085,115,061,064,084,087,087,107
070,065,103,106,103,068,113,093,105,091,109,063
068,102,109,094,079,073,119,098,119,092,089,096
117,085,075,078,069,105,067,068,093,099,098,069
110,073,089,114,074,097,071,112,082,113,082,085
095,084,075,076,077,061,107,083,077,111,117,110
077,071,081,110,078,118,100,082,120,064,112,106
094,100,086,100,085,089,083,096,082,110,109,074
072,119,089,095,088,092,098,085,071,104,092,076
097,120,114,112,105,082,065,062,085,061,117,084
073,086,106,083,088,111,069,118,082,099,077,116
106,092,068,089,113,089,098,110,081,074,076,067
112,067,069,063,098,080,093,101,082,089,112,111
065,093,086,085,073,065,103,085,094,112,097,068
063,106,063,084,096,091,102,104,083,108,064,099
110,119,072,077,078,103,099,098,116,109,073,093
069,103,111,118,113,104,062,069,110,092,063,085
113,109,114,119,087,064,114,108,085,080,068,094
082,086,082,102,103,112,089,090,112,107,074,119
073,068,066,065,073,109,105,119,103,065,081,113
108,095,114,062,094,083,073,095,104,098,103,091
097,086,098,064,110,066,062,110,095,062,062,094
076,087,119,111,064,076,120,092,092,077,092,080
062,093,094,106,120,102,064,088,084,088,100,072
099,065,116,065,067,071,090,105,118,120,067,090
118,115,083,115,065,080,101,109,061,081,086,111
108,073,069,071,083,116,107,102,113,103,074,083
110,090,114,091,087,072,115,105,105,080,112,119
065,089,101,120,106,093,087,077,101,083,096,092
098,068,118,061,100,083,108,085,105,099,081,102
078,074,067,072,082,077,064,089,090,075,115,063
107,106,102,069,113,076,090,063,065,105,070,104
099,085,068,081,083,102,068,096,099,118,110,113
117,083,095,083,086,110,087,079,061,119,100,065
070,103,066,103,078,066,119,089,104,090,116,099
109,097,078,094,099,107,065,074,102,076,112,081
074,107,088,089,114,095,075,073,099,091,116,117
101,111,107,067,115,073,088,119,100,080,087,094
118,067,109,078,075,079,070,076,065,114,101,110
107,061,102,118,107,118,103,119,107,116,074,108
094,073,069,072,102,070,076,106,102,093,061,073
071,098,098,090,095,104,075,084,071,080,104,088
107,097,101,103,068,062,083,092,091,092,111,079
077,099,072,118,110,091,071,073,116,101,097,082
086,072,120,113,074,114,104,111,086,081,111,099
094,092,097,087,071,090,075,118,067,088,073,113
102,075,069,090,115,084,062,097,113,080,103,090
061,101,077,066,078,065,094,063,109,070,102,106
108,077,082,070,116,120,066,119,078,069,099,088
082,107,086,120,105,084,089,117,075,112,072,105
077,062,092,099,074,088,075,072,061,076,061,068
090,118,111,066,065,063,103,110,092,109,078,113
078,067,084,061,115,103,061,116,099,108,068,085
090,091,069,101,080,077,089,073,101,117,117,112
067,064,099,096,073,090,090,084,078,096,120,085
119,106,094,119,061,066,074,077,093,077,073,117
068,084,088,114,062,082,102,113,097,106,083,097
115,101,066,090,100,099,104,091,078,105,095,093
103,109,074,064,068,093,112,065,095,080,114,104
105,083,061,099,076,077,114,107,105,071,110,106
074,069,094,079,087,088,067,091,107,120,084,078
066,102,118,064,081,067,068,063,066,100,114,086
109,075,104,100,097,088,111,067,061,092,073,063
077,118,112,088,105,076,079,064,111,097,089,107
099,103,117,071,065,097,072,063,107,080,113,069
072,064,100,063,081,094,083,065,098,086,096,065
075,070,080,115,120,104,078,092,082,115,116,095
069,114,074,085,115,111,104,073,067,093,077,113
084,082,078,106,071,093,110,080,114,113,086,075
081,108,085,079,086,087,088,117,072,109,079,108
117,102,077,115,065,092,066,104,093,076,109,076
093,089,106,111,082,101,100,117,067,063,061,120
103,088,072,116,100,108,062,112,088,106,096,095
065,094,111,098,118,119,105,086,111,105,102,111
081,071,077,090,105,067,102,085,074,112,068,083
088,066,106,082,118,104,077,106,120,103,097,110
103,100,109,080,078,117,086,067,117,087,090,100
113,088,087,100,101,091,108,089,098,109,115,067
115,069,085,111,115,066,120,063,091,075,119,064
076,080,077,069,117,061,089,078,113,062,071,066
091,068,120,067,088,101,087,099,120,100,099,084
088,076,103,062,073,120,119,069,089,086,062,107
089,077,091,078,116,110,112,089,073,080,108,093
085,076,101,089,086,095,108,080,087,062,080,081
088,075,077,119,090,093,112,105,079,114,099,062
086,103,064,073,119,102,062,072,062,076,097,070
065,075,080,117,082,109,075,116,082,117,085,107
090,112,119,078,106,085,103,079,106,120,116,081
109,064,074,105,088,071,075,119,099,110,097,099
120,065,089,110,101,092,089,118,087,114,067,106
063,107,064,106,090,070,096,090,120,083,066,113
116,078,120,111,087,083,074,094,117,068,099,074
120,071,077,110,092,079,081,079,075,113,066,112
068,065,080,069,080,062,115,106,062,067,087,081
069,091,103,067,088,091,067,096,096,073,073,100
100,102,100,076,064,065,092,087,108,078,109,069
097,066,090,116,063,062,098,116,090,083,093,087
079,080,107,104,099,090,088,073,095,076,099,071
066,107,100,085,104,077,080,102,074,070,087,080
072,110,070,061,070,068,097,069,106,089,071,089
068,088,085,101,073,069,110,087,084,114,066,101
070,117,118,110,085,116,111,082,074,072,107,113
077,065,092,066,099,104,093,104,068,116,080,075
066,079,094,095,107,076,102,064,084,097,066,118
096,119,080,118,075,061,084,066,068,113,102,105
080,078,111,095,108,113,061,078,097,117,086,093
074,098,094,072,069,104,094,097,085,091,118,092
061,115,071,064,092,112,107,117,118,114,104,079
073,074,098,087,100,071,096,061,120,098,087,067
086,109,088,086,114,102,089,111,114,115,119,083
089,091,068,076,110,096,072,090,069,093,101,075
110,109,090,097,120,114,116,079,118,074,116,097
113,096,118,108,083,086,105,110,097,114,077,064
064,097,071,110,062,073,106,100,105,107,069,066
076,120,091,072,091,097,076,097,095,098,080,116
114,081,107,092,093,072,113,099,071,114,073,119
083,078,106,075,114,085,081,083,063,066,093,079
115,098,120,079,120,084,069,107,095,120,111,108
061,111,087,102,089,080,083,072,090,078,072,065
090,074,084,112,092,069,061,088,075,085,115,076
104,112,063,079,112,087,108,106,096,097,061,072
100,105,075,107,110,078,096,082,089,099,067,085
088,077,091,093,062,119,117,065,107,111,064,100
070,106,090,081,097,067,063,098,119,104,101,097
114,110,112,076,085,112,085,113,088,078,061,069
117,090,117,066,102,091,116,086,066,085,108,087
112,080,116,093,085,097,091,115,089,070,119,097
075,089,068,090,105,104,112,110,065,081,076,103
109,104,097,112,087,063,081,107,086,113,094,101
067,083,107,100,093,110,104,082,065,118,119,095
062,115,095,115,064,068,094,085,080,082,102,061
101,087,117,099,061,087,093,114,101,095,078,112
094,091,063,082,088,098,074,068,082,068,061,106
086,062,119,081,103,074,095,088,084,093,080,088
113,094,078,101,095,068,089,069,071,085,065,095
076,084,100,098,097,105,111,072,108,098,096,116
064,108,093,070,066,067,113,105,102,071,117,067
071,092,071,075,069,111,110,094,063,093,086,070
118,094,093,083,085,081,076,118,072,084,096,081
086,115,071,061,116,082,117,072,097,075,097,071
069,110,097,113,096,111,066,106,072,113,101,098
062,064,061,112,114,099,069,065,086,078,073,082
068,112,077,101,094,117,119,107,119,085,095,085
101,080,080,119,115,096,102,110,106,080,120,082
113,091,082,087,061,086,108,120,064,075,113,092
077,079,109,090,093,088,062,100,106,095,078,073
104,092,114,111,108,090,079,061,068,109,097,118
072,085,070,118,080,064,105,088,110,107,088,062
090,076,096,069,117,105,111,084,064,093,092,063
078,111,102,073,111,090,092,086,075,095,120,078
096,075,066,099,078,093,102,108,072,089,119,071
117,092,115,072,082,076,099,083,078,071,120,094
111,064,099,078,100,101,100,068,063,117,098,092
107,068,094,067,082,094,093,111,088,069,071,082
113,112,076,101,112,101,105,075,095,112,103,084
109,118,113,074,120,070,072,120,084,083,094,066
080,104,109,083,065,091,078,085,105,093,103,098
118,091,089,092,119,116,101,062,071,086,063,064
072,076,102,067,095,102,081,063,061,091,104,087
109,102,096,114,079,067,074,111,081,095,108,119
113,079,110,100,097,061,071,068,063,114,070,067
081,104,108,084,101,068,078,104,119,115,092,116
118,062,077,098,096,079,113,067,099,102,113,071
068,069,099,112,067,074,082,091,098,089,076,069
104,086,101,064,116,076,074,093,107,088,091,106
079,091,114,066,093,098,063,111,081,075,104,117
116,088,093,100,094,069,069,075,097,102,063,113
112,072,072,104,073,066,092,072,111,094,110,079
107,091,120,096,089,061,079,097,118,113,085,083
088,082,077,068,117,074,063,108,088,120,070,096
091,095,090,094,070,087,081,092,073,099,066,105
111,062,082,065,074,106,109,087,113,095,087,073
061,105,070,110,069,095,102,115,093,109,063,097
102,116,084,077,079,086,075,114,113,100,116,104
083,070,076,083,094,077,092,082,098,062,103,093
091,081,110,074,097,080,070,107,101,105,116,070
066,087,118,116,089,115,064,083,077,096,079,119
089,074,096,117,067,104,077,075,070,119,096,104
116,115,062,105,097,115,076,108,081,115,106,071
078,079,079,076,095,066,100,092,072,070,078,107
101,071,088,096,086,090,062,106,102,101,092,102
092,095,082,118,082,093,101,073,082,108,106,087
099,094,112,102,103,071,112,108,112,096,107,093
064,105,079,095,091,119,063,119,072,102,094,071
108,107,061,104,061,067,084,113,114,106,077,102
084,094,077,112,095,070,068,120,085,109,084,104
110,120,069,106,118,117,108,096,068,066,103,108
