079,093,070,106,114,092,110,109,107,072,077,112
102,082,081,062,073,116,077,063,115,071,075,083
112,119,067,097,091,084,085,062,096,078,086,108
114,062,087,111,076,097,088,087,072,091,074,066
061,111,116,095,092,066,086,095,080,064,078,080
105,097,093,061,119,088,106,099,119,084,108,099
080,119,099,113,116,079,068,110,072,081,063,113
094,063,069,062,069,106,087,109,108,068,067,072
066,087,080,099,073,114,072,098,077,114,120,073
074,061,093,102,095,069,083,116,112,117,113,086
094,087,105,079,067,082,090,100,098,084,091,118
084,074,076,067,079,083,112,095,064,109,063,065
100,096,111,090,094,070,109,086,094,088,093,067
065,083,118,064,099,120,112,115,106,082,064,061
086,102,106,107,066,068,092,071,074,077,111,115
089,118,097,069,119,091,098,093,107,092,092,103
071,109,096,085,114,071,107,086,072,115,090,104
080,076,078,082,110,082,084,117,062,091,064,105
083,089,098,118,104,109,108,090,095,106,100,120
071,093,073,076,110,093,117,077,112,094,070,111
092,111,082,061,117,114,074,064,086,097,094,082
087,071,106,081,109,094,070,108,093,076,117,083
061,066,077,102,116,097,096,119,064,090,090,096
085,082,081,083,080,106,118,080,095,097,095,094
070,113,092,078,105,104,097,089,120,083,099,119
073,081,067,110,083,102,115,118,067,079,084,108
104,111,109,100,087,069,075,092,087,100,085,072
070,095,087,065,111,086,067,065,062,112,120,098
105,077,077,103,118,068,113,107,117,115,118,096
085,117,070,090,112,098,120,116,100,092,111,117
120,074,109,107,064,077,083,069,080,085,086,063
090,085,065,098,103,118,077,075,062,092,090,103
094,110,106,093,112,078,112,087,076,094,116,068
109,120,111,084,084,115,083,064,114,104,086,067
102,091,068,081,078,066,063,070,095,075,101,063
072,088,116,066,093,091,065,066,079,074,076,115
116,084,081,096,083,106,114,078,070,099,114,084
115,079,090,109,074,099,061,109,072,096,075,068
066,072,118,075,070,064,115,093,107,077,081,070
106,090,097,093,097,096,105,068,114,118,114,089
065,118,108,103,062,067,066,069,092,120,072,117
101,062,114,068,080,095,110,064,084,088,076,111
109,089,097,098,061,062,072,093,115,062,099,095
068,112,082,079,115,114,086,091,105,110,077,101
065,111,095,061,063,083,111,114,106,115,099,061
116,107,072,099,081,102,101,083,083,090,098,067
074,076,113,109,084,092,063,118,074,095,093,086
065,109,103,097,105,095,108,116,082,083,106,113
064,094,085,067,089,088,113,073,101,106,085,063
087,097,104,065,081,065,064,107,111,108,076,061
078,119,089,067,097,068,116,077,071,077,101,098
091,110,119,073,062,071,074,072,066,091,112,085
111,062,114,076,079,090,097,109,115,087,087,080
071,091,068,109,085,120,071,065,095,067,079,084
074,115,101,084,068,111,063,115,074,108,094,104
073,083,063,076,076,072,088,103,068,099,061,080
119,067,065,074,065,069,102,090,085,098,067,081
105,072,080,092,086,101,073,099,070,116,101,103
071,116,100,104,068,069,074,105,101,072,066,115
089,077,088,076,095,091,075,109,106,079,103,110
064,082,080,070,107,073,120,064,093,109,108,094
094,096,096,093,072,061,102,061,083,096,084,082
084,104,074,067,070,086,101,117,080,114,098,068
071,076,084,081,096,065,109,099,085,105,074,119
113,077,111,120,066,109,075,062,084,096,076,085
068,065,065,082,099,076,092,065,101,066,104,087
110,111,061,087,062,098,096,117,118,083,106,088
087,068,070,105,077,080,070,061,089,086,082,063
064,092,086,096,081,115,098,103,082,073,107,118
068,076,108,104,070,075,079,076,120,112,073,087
093,078,117,082,112,079,095,090,119,082,117,074
074,062,081,091,090,067,094,074,116,072,106,092
078,116,094,080,086,116,080,096,101,081,064,098
118,084,071,110,066,082,085,087,088,067,080,074
079,068,097,073,115,096,099,097,070,083,086,098
088,105,120,108,088,107,093,077,063,084,077,090
112,082,103,085,113,090,102,071,096,104,103,114
103,079,119,083,073,080,073,093,085,070,094,073
063,072,107,062,075,111,111,067,088,095,086,066
078,105,073,065,116,091,106,062,107,079,117,068
082,097,104,085,077,092,118,085,067,120,069,120
061,092,103,112,120,107,093,081,111,098,070,067
120,080,069,108,095,096,074,104,069,101,083,062
075,086,070,117,111,112,099,116,090,071,111,094
105,111,101,088,062,118,073,089,102,073,079,104
119,075,070,073,110,116,090,080,088,091,110,095
098,089,101,089,079,070,120,093,080,113,081,112
088,082,099,105,120,115,085,065,074,116,065,108
062,063,078,086,095,089,073,106,070,062,062,073
088,099,070,114,094,116,086,088,072,109,069,077
061,083,093,099,080,084,071,068,089,068,105,098
114,102,065,114,064,088,065,080,069,074,079,094
108,066,072,103,103,066,111,083,067,078,092,115
073,111,112,061,079,089,098,117,099,090,061,101
062,099,063,108,088,092,070,115,074,110,107,066
069,103,075,097,089,108,108,083,117,062,071,113
084,085,082,091,065,077,089,099,070,119,087,089
115,088,094,118,076,106,067,096,099,079,110,114
102,099,116,096,061,088,113,117,105,073,119,105
085,097,103,084,091,063,079,092,066,112,113,096
077,061,081,069,111,119,112,080,108,105,080,067
066,089,119,097,110,073,109,102,075,117,084,109
073,092,076,069,075,100,078,120,095,115,091,089
089,074,061,098,082,108,061,075,062,078,075,102
092,096,097,118,063,102,119,079,080,100,070,074
101,118,075,085,111,099,083,086,088,075,101,102
102,078,100,079,110,117,107,094,107,105,093,112
065,061,116,075,087,113,077,079,112,101,115,080
115,102,083,112,117,091,063,074,080,075,072,071
076,118,063,107,087,103,116,115,061,106,080,068
106,064,104,101,078,068,120,103,091,067,062,094
105,096,096,088,110,099,099,117,106,089,091,097
083,113,090,076,078,103,090,086,095,085,116,089
119,085,101,070,090,081,070,098,106,102,083,084
113,120,084,113,120,075,112,063,100,115,089,113
105,066,115,107,085,092,108,095,110,066,100,063
080,083,079,063,105,120,083,077,087,076,114,098
098,091,084,100,070,092,066,071,118,067,101,071
064,093,086,099,114,075,075,074,093,082,078,099
062,095,100,116,103,086,120,097,092,094,064,081
085,116,089,062,089,117,084,089,098,096,076,077
067,100,086,106,075,079,067,073,087,078,073,061
107,061,101,094,083,092,072,095,080,062,064,096
082,077,090,089,106,111,068,091,079,085,063,087
115,073,107,070,108,100,080,097,073,109,075,104
117,092,088,110,120,118,104,116,112,067,099,066
091,090,101,092,100,083,086,068,096,077,064,119
072,084,082,089,094,113,075,113,112,088,088,111
089,063,111,102,087,110,091,083,072,069,090,065
116,101,086,110,062,102,075,101,097,100,073,064
092,118,095,104,092,098,100,062,103,062,071,083
093,104,064,063,113,079,063,096,113,119,080,098
077,095,066,075,067,063,104,064,082,105,112,105
116,076,078,077,085,113,081,099,100,065,093,062
088,098,117,106,087,119,088,062,075,096,079,080
086,071,113,112,071,074,086,064,118,117,108,073
099,114,069,084,111,072,119,108,066,079,101,119
101,096,080,093,098,104,100,117,120,076,097,092
086,114,105,091,114,064,112,096,067,116,110,078
095,118,073,090,078,088,100,105,089,070,109,114
102,112,065,088,069,111,117,108,101,073,091,087
092,074,098,116,065,105,103,064,094,084,097,114
094,119,111,109,091,120,097,070,079,086,105,089
072,086,100,073,114,067,075,112,068,072,071,078
077,081,094,098,101,068,077,084,108,109,086,074
106,068,103,100,096,102,093,068,097,113,084,062
109,119,090,084,072,110,079,098,079,088,095,082
074,111,102,113,063,075,100,086,119,076,086,069
082,071,061,081,100,076,067,102,094,065,111,066
112,089,115,103,071,108,111,116,085,066,070,100
075,107,114,113,093,063,105,090,081,109,062,076
110,079,086,118,114,119,110,089,115,068,115,105
085,109,106,097,089,080,106,100,114,081,103,071
118,077,114,085,114,096,104,118,090,118,073,078
063,071,075,106,098,075,070,093,096,108,113,069
101,093,069,092,063,104,120,066,076,101,108,076
100,081,063,098,116,064,107,083,115,099,094,066
110,115,075,103,104,089,098,077,067,107,076,096
089,076,076,110,095,084,091,069,081,074,072,064
100,112,086,094,067,092,114,063,079,117,115,082
102,103,120,114,103,076,116,106,070,077,077,087
098,071,113,061,092,105,107,087,076,083,085,074
117,066,117,119,107,091,116,061,111,096,097,108
080,107,072,089,072,102,098,102,071,112,113,082
062,068,110,062,088,070,073,095,093,108,106,065
101,109,096,071,069,061,076,112,092,082,090,119
114,083,063,095,091,111,070,084,081,076,074,118
117,109,082,090,071,088,086,115,118,106,070,112
069,099,083,074,063,066,120,077,076,091,062,087
067,068,066,076,110,120,079,065,090,120,063,110
113,081,115,077,075,090,075,073,104,082,073,079
107,069,099,065,092,102,081,110,110,118,117,103
103,063,094,097,071,117,082,074,072,114,108,098
065,062,073,086,105,101,105,071,095,087,067,104
074,114,082,072,116,114,077,097,112,104,073,103
071,073,070,110,095,066,112,086,095,119,098,115
089,120,107,104,120,102,101,087,080,071,094,085
117,061,108,092,075,081,064,089,094,103,075,071
112,092,114,100,118,111,077,106,061,079,093,105
107,095,088,068,113,104,082,107,081,092,079,114
087,064,098,083,081,119,083,087,066,118,106,109
100,101,065,119,093,083,082,086,074,090,094,067
111,078,083,067,118,100,112,097,116,117,092,119
099,075,117,069,094,114,084,110,068,092,108,088
106,119,095,098,061,110,117,120,075,065,087,116
117,080,090,068,078,079,069,080,095,092,084,086
066,088,091,064,106,110,098,110,082,069,102,110
061,084,062,104,067,117,095,100,077,066,077,072
088,117,101,108,065,070,093,117,108,118,120,062
071,085,095,102,095,120,097,083,081,089,091,080
065,078,096,106,071,064,061,085,091,109,101,074
069,098,086,119,070,072,070,087,083,085,082,081
116,118,075,110,092,089,091,103,068,107,097,084
067,069,109,088,063,069,100,093,099,094,094,105
066,104,103,081,073,072,115,090,118,079,092,063
108,078,117,105,097,062,088,100,061,078,083,078
071,107,104,115,120,106,087,114,087,106,103,074
100,111,069,112,111,071,105,075,079,120,075,094
096,061,105,106,085,108,081,116,101,065,106,098
116,063,110,080,120,070,106,078,078,089,107,119
078,076,100,064,091,094,109,083,115,091,117,094
088,113,082,076,111,081,119,093,081,120,074,109
064,065,111,113,107,117,085,077,118,070,107,100
088,093,081,088,073,063,062,079,073,068,062,090
068,070,115,089,104,102,073,096,071,095,109,115
086,087,117,102,085,111,093,075,104,117,096,099
082,109,108,061,117,097,095,101,088,090,066,083
063,078,091,106,078,098,116,088,067,106,073,084
099,082,067,087,107,102,075,076,068,074,064,102
071,104,093,094,088,104,084,099,110,113,106,103
109,070,084,064,082,096,096,109,071,089,086,120
090,093,065,110,113,092,067,108,065,095,087,105
068,095,097,071,083,099,096,068,069,070,099,063
108,080,096,087,074,098,101,091,078,064,119,068
078,069,089,107,109,095,092,087,072,079,107,103
115,101,101,079,107,065,065,072,064,067,098,099
118,082,113,068,084,068,062,116,082,111,103,080
101,078,118,087,111,079,077,100,069,071,093,118
113,098,111,080,120,101,094,120,076,064,119,104
079,091,104,078,104,103,068,061,102,094,106,108
115,061,087,082,109,062,119,102,100,085,067,071
095,117,092,086,120,104,104,077,117,081,094,083
084,067,107,084,090,066,075,108,119,063,079,102
117,090,087,090,113,101,084,105,062,077,106,074
081,085,067,101,107,076,097,102,114,108,077,111
068,077,083,104,069,110,096,091,097,064,062,082
080,066,078,107,083,068,078,084,085,073,114,091
075,078,093,089,077,094,108,087,098,119,086,105
102,105,061,071,112,084,104,086,118,061,111,107
112,091,101,080,064,108,087,081,092,076,117,076
083,105,067,066,107,110,085,078,091,077,069,115
099,100,081,107,113,105,098,109,103,065,114,088
080,072,104,106,088,085,110,112,068,085,072,120
078,070,115,108,087,117,102,085,091,078,061,100
110,083,073,112,108,113,068,094,106,084,077,110
103,105,098,090,120,087,115,113,103,068,073,069
070,091,083,095,081,108,082,114,099,118,104,061
109,076,102,116,110,119,109,103,108,079,078,072
066,098,109,092,076,065,082,116,063,068,074,107
079,097,089,065,098,100,088,069,084,071,104,069
072,108,087,072,075,082,117,065,066,073,118,088
100,094,096,120,119,077,079,095,071,094,072,062
095,111,099,085,076,098,115,097,099,103,093,074
070,102,063,105,090,110,108,077,071,118,091,108
076,113,103,095,080,088,072,113,104,072,103,061
064,112,104,080,098,087,096,107,073,088,067,077
086,085,078,115,067,105,074,087,076,104,103,082
062,113,105,114,100,113,119,071,083,115,081,071
111,089,084,065,118,112,101,097,100,089,084,066
081,097,119,061,104,068,100,066,114,093,070,104
067,115,064,117,110,096,081,080,097,104,118,102
108,062,096,062,119,062,105,116,101,090,106,071
081,098,064,085,113,116,093,084,106,114,116,112
085,069,069,089,111,064,092,104,109,063,119,069
071,079,113,067,097,110,113,091,081,078,106,112
064,062,061,063,114,061,078,097,100,082,068,082
094,061,085,093,113,118,068,100,101,064,091,061
067,103,067,099,107,093,111,097,095,093,109,112
101,082,114,101,118,069,101,099,078,074,078,118
116,065,119,118,065,113,115,075,061,105,094,081
107,101,084,102,082,070,112,099,075,067,110,104
108,112,105,118,085,107,078,090,088,077,105,069
069,109,070,096,069,100,085,101,070,103,101,110
080,116,110,085,102,088,103,116,067,061,079,069
100,110,115,065,099,071,097,065,100,071,112,074
115,094,093,066,117,063,072,119,063,120,111,103
108,110,099,077,085,106,081,095,066,064,075,089
081,066,120,119,111,063,114,112,090,063,078,117
099,104,096,069,107,090,069,090,075,091,116,092
090,094,071,120,084,087,104,081,066,102,077,073
072,106,093,113,098,082,066,114,086,117,074,100
104,073,091,099,099,092,067,109,091,104,093,116
102,074,113,103,109,078,079,096,119,100,097,072
080,063,102,069,082,120,109,116,066,070,061,090
089,103,095,114,069,114,095,113,081,079,081,086
075,087,061,097,109,079,106,063,068,120,072,100
068,102,112,065,062,086,089,096,109,077,113,078
096,103,080,086,078,094,063,088,064,115,066,062
069,093,088,074,084,120,073,117,074,096,072,083
098,107,086,061,101,111,075,064,072,094,075,084
072,090,089,119,103,093,085,089,079,087,116,069
061,120,065,102,107,112,119,066,116,090,097,107
105,109,068,064,092,072,071,070,095,064,076,070
063,097,090,097,107,114,113,074,085,115,118,072
085,091,105,080,116,119,080,102,103,119,090,092
087,102,066,097,074,073,092,093,100,078,100,102
072,112,091,065,062,105,094,089,063,081,081,118
080,109,099,064,091,074,108,102,111,093,088,120
108,107,109,118,095,078,113,066,076,095,069,064
106,094,081,105,114,090,087,093,099,107,076,086
090,112,115,119,098,073,073,091,083,088,066,106
091,100,086,065,086,077,076,102,074,097,118,073
065,120,110,092,092,091,075,069,069,094,099,087
088,097,103,083,066,096,089,102,064,113,080,082
075,072,093,065,105,076,064,079,084,076,061,089
