074,093,112,110,113,086,094,114,091,109,106,083
065,081,084,120,117,114,070,116,104,118,067,116
087,093,095,108,083,097,101,104,089,073,120,074
068,077,107,090,088,095,120,080,114,085,096,101
087,080,061,087,089,070,109,085,106,098,078,108
098,108,098,094,066,120,096,114,066,082,094,074
117,078,074,117,094,090,102,094,065,117,105,112
061,102,113,071,105,118,116,096,080,081,068,117
094,101,068,103,111,120,086,115,066,103,085,091
077,071,089,109,107,103,087,097,119,100,088,092
116,105,088,111,064,070,086,099,110,113,116,099
101,098,103,114,078,065,094,080,098,099,113,061
079,097,109,100,062,077,108,092,095,114,079,112
061,099,071,070,098,072,117,103,085,069,087,110
085,097,103,097,083,073,107,079,117,079,068,089
066,086,086,108,064,100,110,082,090,089,090,100
074,110,087,115,112,069,111,092,092,063,118,102
077,091,109,081,066,106,061,114,108,090,100,112
114,066,088,065,064,110,120,115,078,119,103,111
074,064,101,110,090,097,100,117,108,091,115,116
088,113,096,070,119,102,107,070,075,092,107,094
110,063,103,094,120,061,071,104,064,103,093,110
074,098,070,068,066,081,106,117,083,077,083,112
105,062,095,120,074,061,118,061,115,092,066,105
109,115,080,118,084,097,088,084,070,093,075,103
070,061,099,093,096,065,098,118,078,084,084,072
097,102,079,087,075,109,088,072,075,114,069,068
108,094,102,089,080,110,078,069,079,109,062,080
088,066,106,086,117,116,070,067,095,096,079,106
109,120,065,108,080,096,063,108,081,103,071,115
097,082,071,106,083,118,093,105,083,086,083,067
068,079,067,093,070,077,061,072,067,098,092,068
107,117,095,113,080,119,105,081,096,072,096,071
072,087,091,117,088,103,101,120,093,071,103,077
106,105,078,102,108,093,061,088,062,104,065,063
100,092,066,069,095,119,072,111,071,107,109,093
111,114,120,094,100,076,065,101,090,119,082,119
069,079,063,073,063,064,092,098,106,065,063,112
114,104,119,104,075,087,081,101,114,107,117,104
086,112,067,101,102,073,085,120,081,120,089,096
090,120,098,113,108,070,082,087,092,095,086,069
108,064,120,067,078,087,083,119,062,109,078,080
114,068,110,078,095,109,074,088,096,104,110,119
091,105,088,099,062,115,119,092,077,120,065,069
076,071,074,092,099,072,062,064,068,076,089,078
119,098,078,070,104,076,097,063,075,108,105,119
069,103,104,080,086,114,069,092,101,095,075,099
080,108,118,068,096,102,065,077,063,117,115,097
119,093,117,113,117,088,106,070,108,085,072,093
082,098,105,084,094,064,115,083,091,074,079,113
090,074,103,113,092,112,105,094,108,111,069,106
076,069,093,101,104,087,110,092,078,072,120,088
109,088,106,097,083,120,080,114,101,114,087,098
075,106,115,104,078,066,068,071,109,073,068,065
076,112,103,070,073,098,088,076,084,099,078,091
106,103,067,068,099,065,091,116,068,111,095,083
084,080,104,079,061,067,088,089,100,072,072,069
099,109,082,089,105,102,086,107,101,105,117,119
097,093,071,063,100,089,076,102,115,072,104,085
075,110,098,075,113,080,103,116,100,107,091,081
091,088,111,104,075,101,095,061,110,105,115,099
072,112,099,062,097,119,115,094,118,078,079,120
068,105,073,068,075,104,099,066,070,076,118,085
104,108,063,099,120,105,072,083,079,096,062,095
102,112,107,111,087,099,068,082,074,104,111,083
094,076,092,077,086,081,069,104,114,083,098,112
064,117,078,109,077,100,063,079,073,100,088,090
112,066,108,103,068,110,069,099,107,098,078,097
120,076,118,107,062,086,079,061,105,087,084,090
064,083,106,113,061,104,117,084,118,108,105,071
116,076,069,064,080,071,103,063,080,066,113,072
119,084,088,078,068,090,120,097,096,105,110,069
077,078,081,063,095,079,067,114,110,117,092,080
067,088,120,091,064,105,071,061,114,063,106,116
113,069,067,106,068,087,077,117,064,082,072,092
099,089,116,072,078,086,098,063,103,061,069,067
073,070,086,118,118,065,089,113,063,083,113,084
072,104,107,093,111,085,088,068,091,118,071,114
107,085,065,091,063,087,119,077,097,088,074,072
091,103,064,077,106,112,069,082,076,099,066,098
098,077,081,115,063,093,117,067,064,087,103,095
090,061,063,084,074,089,087,077,066,093,079,075
102,081,108,097,095,082,081,118,116,107,111,073
090,078,086,091,100,062,101,092,092,078,079,105
119,065,107,102,103,072,070,069,082,093,102,066
096,094,084,074,116,095,098,065,076,108,117,101
105,103,117,108,114,098,073,069,117,083,079,071
112,077,085,113,111,105,092,118,072,108,114,062
066,070,109,076,082,081,101,099,062,061,110,077
099,111,083,091,066,109,080,117,084,093,076,063
072,070,113,073,083,094,077,101,069,114,080,068
103,078,091,069,076,118,117,089,079,086,072,089
070,101,067,096,062,097,065,084,063,119,114,102
118,113,120,072,077,076,068,091,113,087,088,079
119,089,118,095,114,072,063,077,077,082,117,111
114,076,085,063,087,094,117,118,097,080,109,072
105,063,062,073,089,112,079,114,067,072,065,076
101,118,120,110,117,099,069,117,069,088,100,075
100,097,100,070,094,063,110,086,063,120,065,064
090,080,095,077,066,104,095,111,107,078,105,088
117,096,092,120,075,093,084,109,084,111,097,071
061,105,082,084,096,109,069,102,112,117,115,106
117,120,064,089,100,106,066,107,076,098,093,116
071,102,071,108,085,119,071,078,070,063,061,101
079,076,091,094,113,065,091,104,091,062,082,070
081,112,089,103,067,100,090,076,074,083,063,100
104,102,112,071,101,062,096,075,097,116,111,101
117,105,089,118,068,116,098,103,117,082,120,104
092,082,099,091,070,119,115,068,067,110,077,107
098,100,097,113,110,085,104,110,075,065,114,113
086,117,080,076,089,093,114,105,104,094,078,061
108,088,111,078,078,074,084,075,114,073,062,065
116,075,115,091,089,108,113,092,088,101,071,087
102,120,105,104,111,066,097,117,090,071,075,081
094,119,073,072,107,081,068,100,097,065,065,100
104,081,108,079,084,061,099,096,086,082,062,066
102,087,072,081,098,088,095,064,070,098,090,082
106,081,115,110,116,065,117,092,118,109,077,116
077,086,064,076,104,100,096,091,068,093,082,074
113,070,077,079,106,101,102,075,070,091,107,065
073,080,086,100,065,089,076,084,116,089,084,071
072,119,079,119,107,115,105,085,105,067,065,090
067,089,095,074,084,112,075,086,086,120,096,062
085,083,065,079,115,067,093,065,071,091,070,074
089,105,120,103,109,080,072,071,074,080,093,064
115,061,069,075,091,087,111,113,077,094,106,111
067,108,109,064,064,067,097,101,071,086,096,100
111,100,079,072,084,095,081,068,087,084,068,097
118,096,115,074,088,071,107,119,097,069,091,089
098,093,104,084,095,110,105,069,092,099,086,074
115,082,085,081,071,098,061,081,061,112,085,090
071,094,068,074,118,082,112,062,090,115,069,120
085,076,080,099,090,110,092,086,085,061,098,111
092,109,069,071,120,068,095,065,108,105,087,100
113,102,072,077,086,094,089,104,095,098,111,067
118,099,102,111,092,061,111,061,086,088,099,107
082,062,081,090,069,100,089,075,112,094,067,076
110,094,077,089,086,065,073,101,098,080,081,074
085,116,084,101,117,090,077,067,094,116,098,102
082,109,075,090,092,064,071,117,062,119,070,062
095,093,066,085,085,103,089,087,075,076,094,111
109,074,089,097,076,107,064,096,116,078,089,061
076,087,119,075,083,071,061,082,085,071,091,111
061,075,105,080,119,114,073,105,072,062,109,067
106,072,076,073,096,115,101,079,064,102,081,077
118,119,112,067,114,077,080,100,078,120,087,069
106,099,094,061,065,087,063,067,083,103,117,098
118,087,088,104,068,064,073,116,104,116,096,066
081,067,084,114,091,093,069,101,079,073,064,085
095,089,083,068,082,108,100,081,085,072,092,067
105,100,082,099,081,119,080,111,082,079,107,074
118,116,069,098,118,072,071,118,113,115,108,101
076,096,081,116,066,075,063,107,073,078,091,066
069,095,093,061,073,081,104,093,119,108,097,094
079,103,069,084,071,119,085,067,106,074,115,118
091,080,070,120,116,109,083,069,091,095,081,114
071,110,113,100,076,072,061,116,119,074,104,067
077,097,087,116,080,095,069,089,083,109,085,112
065,120,113,064,065,072,070,097,073,075,087,066
111,074,096,120,107,091,106,087,106,064,111,115
065,082,104,086,090,113,110,072,099,102,095,105
064,111,118,103,077,069,103,090,068,113,080,064
114,097,073,074,093,083,102,084,072,101,096,087
111,087,083,062,104,065,092,081,061,109,100,082
120,107,106,077,108,107,070,087,081,098,109,114
103,076,076,097,104,090,086,064,086,068,119,112
107,106,087,120,101,074,082,080,070,095,093,062
063,101,097,067,091,064,077,105,102,088,115,063
069,119,094,069,077,088,065,092,110,062,076,074
099,081,110,065,069,118,104,113,066,071,097,081
075,082,083,105,102,068,068,107,109,117,079,062
088,073,091,075,103,093,103,096,087,073,095,094
068,098,076,093,083,108,079,102,097,075,066,079
112,064,100,116,069,107,116,113,117,061,076,091
094,109,104,097,072,090,081,094,071,092,074,113
091,101,099,090,111,065,085,078,120,100,089,084
073,110,062,081,108,113,120,071,078,063,096,090
119,068,086,097,071,067,109,068,105,113,114,074
113,083,068,096,086,072,118,088,075,077,098,062
087,109,090,073,071,062,115,079,089,094,066,068
095,072,070,104,061,091,068,104,100,115,076,061
107,112,118,094,068,062,087,119,095,076,087,083
109,077,091,106,075,085,074,099,068,061,101,082
090,116,081,093,100,078,086,093,096,111,088,094
107,092,092,103,110,083,067,062,105,092,106,076
096,061,067,078,091,092,112,093,093,069,096,063
102,110,088,093,090,109,078,101,085,092,110,118
084,118,078,114,078,083,067,074,107,075,089,071
073,092,108,110,071,095,117,070,102,101,103,109
090,112,112,113,106,119,075,072,119,064,070,094
089,111,073,064,118,062,112,087,073,099,083,092
075,083,100,103,067,065,067,103,109,105,099,079
070,065,118,090,106,102,095,106,080,065,080,083
089,092,120,106,078,064,117,087,089,120,064,090
107,082,100,095,103,080,102,095,117,115,100,099
116,086,085,074,068,075,091,063,074,065,081,084
107,061,071,100,090,069,094,082,110,099,068,063
120,108,110,114,094,066,097,092,076,089,086,111
097,105,109,106,070,081,103,082,084,116,096,073
110,081,093,094,118,093,118,097,106,062,068,101
093,114,078,112,110,111,066,073,067,086,084,077
092,076,079,085,076,081,111,062,080,077,076,082
073,071,072,102,111,109,098,078,113,119,095,085
089,083,086,096,067,119,087,088,087,092,070,084
076,111,107,064,097,109,104,092,073,067,115,089
106,082,112,088,069,096,113,062,085,062,099,120
078,076,111,070,115,101,099,064,117,095,094,079
088,115,090,079,103,084,073,085,107,104,085,106
066,084,070,083,095,068,067,090,079,092,110,100
063,072,120,118,072,082,106,088,072,066,119,073
082,073,113,078,063,113,068,078,076,083,078,106
072,068,074,118,098,115,106,094,115,078,118,070
079,078,062,089,116,064,110,061,090,092,098,064
080,085,086,103,093,106,104,099,098,084,077,074
063,106,109,098,110,107,112,096,100,085,090,114
104,077,112,065,065,083,093,115,115,066,089,106
062,076,120,075,066,095,064,061,090,070,112,073
086,073,071,074,089,114,100,102,085,088,062,103
076,110,115,108,063,086,070,112,079,091,098,091
109,107,103,112,073,084,110,106,073,094,070,114
079,070,097,098,105,076,109,069,120,064,115,112
092,102,064,071,090,102,112,114,061,077,080,072
112,120,084,083,104,064,108,102,103,074,084,067
075,095,065,103,111,077,093,120,101,116,111,093
061,097,104,078,112,108,102,091,112,104,101,071
086,109,087,090,092,062,062,107,080,093,099,094
063,062,069,063,118,077,081,071,103,104,109,104
091,114,110,066,082,063,096,098,116,063,072,107
081,117,102,065,073,120,102,083,067,113,100,083
101,113,074,116,093,090,097,111,084,064,070,109
067,099,082,091,107,095,081,079,095,099,075,064
090,101,107,097,087,086,088,114,107,096,070,092
116,083,062,078,085,089,108,100,061,073,069,062
108,109,087,107,093,113,119,103,120,113,089,086
089,110,094,085,068,106,100,118,066,090,100,091
063,104,086,105,071,082,062,087,063,109,082,083
080,079,075,111,073,117,061,100,067,095,069,061
113,107,093,096,114,120,074,062,096,088,119,120
096,092,088,075,106,073,079,093,115,065,066,113
115,064,087,067,074,105,115,103,091,097,112,095
086,095,083,088,076,086,112,101,119,109,096,077
080,067,098,061,097,099,102,074,091,072,062,117
087,081,097,074,095,078,079,118,085,070,082,096
077,108,094,072,116,092,108,081,117,066,084,100
066,116,090,098,089,107,117,075,087,103,108,106
102,117,080,102,101,064,071,111,075,074,098,079
092,114,075,113,102,063,116,069,108,096,114,064
068,112,091,112,116,108,085,082,074,079,084,106
108,087,084,094,071,103,084,091,115,073,090,095
081,088,118,066,118,114,065,061,077,102,063,111
101,080,116,062,105,115,109,112,088,082,104,082
067,066,091,119,109,101,101,103,086,102,110,079
061,086,107,105,103,102,081,096,112,097,108,073
115,076,070,075,115,084,088,100,117,076,100,066
067,102,084,068,065,073,064,079,063,066,073,104
073,107,081,083,094,113,082,116,104,095,119,096
075,094,101,089,078,096,079,100,066,076,084,086
101,107,113,091,084,107,066,074,099,112,117,072
085,099,096,110,078,099,096,113,087,095,118,064
069,081,089,079,101,083,071,109,113,077,075,115
119,061,084,108,069,115,089,098,079,111,111,090
095,063,120,116,062,075,100,101,090,077,116,112
085,101,081,064,086,080,062,108,120,098,090,062
112,080,114,099,087,074,094,067,062,088,082,105
096,085,066,108,112,111,074,096,068,099,065,071
104,083,111,081,116,114,113,082,108,061,101,066
116,079,100,074,092,093,081,089,062,084,115,085
102,109,114,082,063,074,070,099,067,107,084,110
115,070,061,066,066,097,069,080,114,065,066,092
065,105,094,117,110,098,077,115,072,064,105,098
063,080,093,078,108,074,092,106,063,089,113,076
119,101,075,105,116,111,118,112,120,082,110,091
095,073,070,086,090,105,073,103,093,077,097,096
105,070,091,067,080,070,106,104,073,118,116,110
106,118,114,100,082,102,088,119,087,114,067,118
063,088,109,110,106,090,085,077,106,080,114,115
120,062,105,078,094,068,082,111,067,075,083,099
103,110,068,085,082,067,065,085,099,077,088,116
072,097,070,110,081,078,118,111,075,112,064,097
089,066,083,066,109,113,082,112,062,094,085,093
092,094,106,096,083,090,086,119,080,075,115,095
098,104,086,090,073,093,066,064,097,110,099,108
083,107,083,061,074,069,111,119,106,114,102,062
102,070,072,105,101,086,083,096,087,101,107,088
069,111,117,085,080,107,085,098,098,083,116,119
086,085,064,088,063,075,101,076,089,080,065,109
094,100,066,119,098,086,103,099,116,071,118,063
061,106,085,084,117,093,093,102,066,065,099,119
113,099,081,113,119,115,078,082,112,074,102,115
084,096,071,099,084,092,088,070,073,077,078,075
100,093,079,083,094,065,080,116,095,081,091,090
073,091,088,080,118,075,066,077,078,094,076,119
063,090,079,084,073,097,114,108,080,115,079,067
116,098,110,088,068,108,071,075,102,085,069,108
097,095,085,087,105,099,061,063,080,061,102,116
