061,102,109,068,097,083,063,111,067,076,080,101
078,116,063,103,104,096,110,068,097,111,066,100
108,115,111,069,095,064,106,112,106,087,092,067
068,113,073,110,116,073,062,089,113,091,091,086
107,078,066,118,114,086,070,069,108,082,113,095
083,067,115,085,064,067,115,097,119,065,096,079
106,082,117,062,079,116,072,062,113,106,080,095
083,117,105,079,100,076,087,102,092,069,100,093
088,092,116,075,094,078,111,074,091,079,081,065
081,109,082,104,093,062,070,110,088,083,069,112
075,073,101,071,100,117,114,075,069,081,075,071
093,070,118,116,088,105,063,119,100,104,105,063
114,073,062,097,063,065,103,082,116,084,119,068
065,067,115,089,068,082,087,086,061,097,100,091
084,106,096,061,069,086,094,063,064,090,079,065
105,066,091,107,100,079,105,117,075,102,077,085
073,082,062,100,118,086,073,091,092,086,076,061
092,063,109,119,105,085,082,120,116,111,116,107
112,119,106,114,077,063,113,093,089,110,115,067
084,100,109,072,109,067,079,108,109,100,091,090
110,061,082,077,084,073,106,107,115,077,081,086
077,071,094,069,110,102,072,096,080,081,074,096
094,067,066,062,070,100,088,114,114,089,079,095
093,110,073,081,117,106,120,108,072,116,068,092
069,097,113,065,115,086,067,078,096,088,066,085
082,114,089,119,067,095,076,115,120,098,117,061
061,085,102,118,073,069,083,069,104,109,103,097
090,074,105,104,113,063,080,085,100,077,062,112
095,081,069,076,106,109,069,113,074,061,087,108
076,106,091,081,084,099,111,083,085,113,064,101
077,079,110,086,095,094,075,092,061,106,085,096
100,073,066,083,081,093,073,113,077,112,073,092
090,075,099,080,063,064,076,110,071,099,089,076
085,109,065,114,065,110,073,098,092,114,112,084
099,102,090,092,096,080,117,081,115,074,064,115
079,117,094,100,070,094,075,096,096,082,097,101
102,086,109,063,109,075,071,074,108,074,117,080
077,073,073,101,072,114,090,085,066,068,088,119
076,068,105,090,076,109,119,102,099,098,065,099
074,064,099,072,075,097,074,118,075,080,105,107
103,105,113,092,062,082,088,070,091,110,076,114
068,084,084,072,117,103,101,067,098,069,061,094
086,113,113,096,087,120,094,110,077,118,103,096
068,069,087,110,096,098,119,095,093,120,082,065
118,099,099,088,079,068,078,113,111,103,112,066
062,111,072,119,116,081,089,061,115,082,095,087
076,070,116,070,109,118,103,065,087,091,097,086
085,094,078,074,117,090,097,066,073,072,085,063
117,112,085,097,102,093,083,093,079,062,091,084
103,113,098,104,113,061,120,063,096,073,117,070
101,063,067,068,078,065,094,112,070,072,099,085
074,100,108,084,073,093,067,077,083,096,092,078
066,087,111,102,064,061,097,081,080,061,088,106
073,104,073,076,088,117,068,096,097,064,099,067
101,069,071,066,104,077,066,086,099,110,062,119
120,100,107,063,064,110,079,118,103,087,065,070
094,072,090,069,080,091,098,112,105,068,106,120
095,102,112,115,075,063,094,104,091,075,077,065
112,067,071,109,069,080,061,082,079,098,105,087
089,085,120,081,119,064,113,064,087,072,118,071
117,064,110,109,074,107,091,097,116,100,080,089
076,105,089,087,116,090,078,075,101,119,075,110
069,078,084,102,097,112,102,080,089,078,100,069
076,117,086,112,084,062,097,067,100,087,107,080
083,077,061,084,061,087,088,080,075,117,091,074
086,103,094,064,064,086,083,104,080,083,117,087
092,066,111,067,087,107,096,116,065,115,065,064
081,106,079,061,096,115,070,112,106,063,113,062
111,120,064,103,061,077,110,069,071,117,073,068
108,070,074,110,071,114,070,101,107,101,063,072
104,106,071,112,104,091,089,090,064,079,108,113
103,062,084,074,061,072,112,099,086,073,073,079
090,078,075,066,082,063,098,091,087,075,077,120
064,075,111,096,116,088,081,092,079,089,078,083
063,089,063,062,080,115,070,113,104,118,099,063
080,084,118,080,070,084,120,071,112,102,079,067
093,086,095,065,103,095,072,091,077,062,107,120
120,092,107,112,119,098,084,088,104,090,068,114
104,068,066,065,111,071,065,073,120,076,084,105
118,096,093,084,062,085,088,069,091,063,103,107
068,103,107,095,114,063,092,076,070,074,104,114
106,092,061,100,118,073,071,082,093,079,086,100
079,094,068,108,082,064,078,073,115,092,119,096
100,095,103,075,093,077,090,084,094,098,080,092
067,061,079,069,120,066,066,101,084,075,119,090
104,113,065,100,074,088,110,079,119,106,100,075
092,111,114,112,117,120,090,098,076,083,089,071
106,102,090,113,089,116,074,109,068,093,075,070
109,064,104,097,075,081,106,110,065,096,072,107
088,065,061,099,103,115,084,114,098,080,073,117
091,115,109,092,070,111,061,093,096,063,110,071
074,116,107,077,101,077,108,092,069,075,074,065
102,062,093,116,076,116,081,082,079,092,068,077
083,109,073,062,100,088,070,107,104,089,104,102
107,114,063,116,092,071,110,063,083,087,065,084
077,070,077,119,067,120,102,090,113,119,097,108
062,083,113,098,068,071,108,076,081,112,120,095
085,072,097,120,099,107,096,066,116,065,072,108
069,116,078,076,075,095,111,064,069,089,119,080
095,104,096,091,066,077,098,117,093,111,104,115
085,118,093,088,105,067,116,101,079,076,086,079
109,096,106,080,088,101,082,067,086,098,105,075
082,102,070,091,087,065,101,110,113,107,095,093
074,076,075,118,080,064,115,095,109,065,081,068
084,092,068,091,071,062,114,097,082,072,091,094
105,077,072,095,093,091,095,099,109,086,093,090
099,119,101,090,113,116,092,087,071,083,066,111
097,080,073,094,073,074,111,118,111,112,063,084
109,095,066,070,069,062,072,081,109,099,067,104
061,112,078,098,105,083,114,108,101,104,118,092
081,083,081,077,077,094,066,117,093,105,094,107
103,099,101,076,107,076,084,089,118,097,112,105
071,080,085,114,061,098,073,080,078,110,116,109
089,097,083,084,078,071,089,103,109,101,071,093
082,066,098,065,076,087,107,064,106,105,101,061
083,061,086,104,104,119,071,086,084,085,083,090
097,098,111,114,072,100,083,070,090,120,119,084
084,095,113,117,098,087,100,098,103,102,066,073
101,089,085,064,080,082,091,120,099,083,077,106
091,108,098,102,065,069,066,079,068,078,093,094
104,071,069,061,118,110,069,072,114,117,102,089
119,076,113,076,093,067,078,091,085,086,111,085
102,065,062,118,068,083,086,083,105,100,117,077
109,089,064,088,092,077,064,106,094,082,094,086
103,093,107,096,089,112,066,072,102,117,085,092
082,069,088,112,109,080,104,107,109,069,096,105
086,084,089,100,061,075,082,099,065,117,065,091
103,085,074,082,098,115,088,071,064,066,079,097
089,113,071,119,064,062,077,113,114,091,084,076
082,098,097,117,108,063,105,062,083,063,086,062
103,116,069,119,072,104,064,118,109,114,111,119
086,106,092,093,067,087,066,091,098,101,081,063
113,081,095,077,088,104,120,114,072,115,109,093
118,093,116,080,073,061,076,091,116,102,081,071
101,114,109,084,106,089,085,074,066,088,080,077
090,100,080,072,094,065,096,084,094,097,112,116
081,061,074,117,108,062,077,069,101,079,098,095
064,070,064,099,114,119,075,115,067,102,100,067
106,094,065,068,068,087,074,077,078,064,075,104
089,077,107,108,092,095,086,063,077,099,068,072
082,105,112,093,091,112,105,115,101,091,067,096
118,072,092,103,110,085,065,090,062,088,075,086
114,070,095,082,106,071,072,120,066,095,063,067
112,110,103,069,118,088,061,068,118,107,091,099
087,115,117,093,096,114,063,071,090,111,072,111
110,081,118,065,083,091,111,077,087,094,067,074
112,075,098,085,100,071,091,102,078,106,082,087
120,065,119,083,106,098,074,062,110,107,100,113
099,089,104,117,095,097,089,064,118,090,099,096
078,118,095,091,119,081,079,072,061,111,116,098
101,087,071,107,066,114,091,105,090,076,083,113
089,098,117,109,115,062,090,115,108,065,082,112
085,068,086,061,076,063,083,106,069,085,073,103
112,073,112,095,086,116,092,064,112,113,075,076
101,111,107,109,098,093,095,096,085,081,093,104
076,072,115,061,067,108,084,117,086,065,120,112
120,116,084,107,119,086,116,062,103,088,108,099
083,072,065,105,062,114,068,063,069,107,067,084
110,103,090,097,079,063,101,106,072,113,061,107
107,115,110,111,117,115,063,115,093,078,086,101
066,090,092,104,102,076,065,085,085,091,120,115
102,101,080,078,070,106,101,117,062,110,116,095
119,107,089,086,066,119,102,073,066,104,094,109
089,082,111,081,080,090,113,118,078,082,062,078
083,095,100,103,079,109,078,119,086,096,098,083
112,087,093,096,111,091,071,073,067,069,105,073
084,115,092,100,071,098,120,102,095,114,061,103
089,108,090,112,093,069,096,097,089,075,067,081
118,076,077,076,099,114,084,111,087,064,100,108
073,095,073,120,120,113,110,108,091,062,110,080
072,117,080,100,081,100,120,078,074,112,075,120
066,099,118,115,103,091,115,081,107,098,062,080
068,062,111,079,088,077,090,067,061,063,120,061
110,100,097,068,081,104,081,076,105,092,077,086
084,079,070,080,092,110,099,079,081,103,102,096
094,120,111,113,107,086,109,120,085,087,089,092
119,074,087,088,072,088,088,098,073,106,079,107
081,064,086,068,066,063,075,094,096,087,074,105
063,080,120,104,099,106,069,071,068,101,070,115
107,068,090,068,081,079,111,082,098,092,066,109
117,111,078,088,091,117,087,063,109,062,073,070
064,069,070,096,103,074,094,088,071,102,082,079
115,106,099,078,082,119,075,065,112,096,086,111
078,100,069,115,062,098,105,078,102,077,093,080
110,119,106,103,106,090,087,099,070,078,115,111
116,071,068,100,077,110,114,067,088,082,093,076
089,068,088,110,118,061,115,068,083,073,113,080
114,105,096,100,067,113,089,066,070,082,120,089
094,081,108,088,101,099,079,102,062,104,115,101
115,093,086,070,083,094,064,104,120,103,065,080
095,078,095,106,063,102,116,068,100,097,087,090
115,071,085,107,114,093,098,064,079,119,078,112
112,065,117,068,115,079,116,067,073,089,069,063
064,073,078,077,118,087,068,075,108,086,074,106
067,072,100,111,103,067,101,083,077,096,062,096
095,071,077,109,114,090,106,096,094,062,068,120
119,118,107,100,113,082,115,094,099,111,073,109
078,081,068,098,119,092,116,119,120,070,116,097
071,070,076,086,077,103,120,096,073,090,113,099
069,117,119,094,096,090,078,066,093,072,106,068
072,098,087,077,106,100,073,099,070,062,095,117
096,101,096,081,108,085,097,102,110,066,073,088
063,097,101,120,084,066,087,084,092,082,068,102
075,099,108,118,078,087,089,107,102,105,070,104
113,109,104,065,085,076,097,082,078,109,118,114
074,066,100,082,091,077,075,101,108,106,072,103
102,064,118,120,106,067,114,083,103,080,106,062
106,097,105,098,115,109,095,110,101,072,074,087
119,091,062,099,112,101,071,096,068,080,064,072
066,076,107,081,098,075,092,101,102,114,108,075
068,111,080,076,087,062,103,090,083,082,104,074
072,106,091,088,109,082,098,070,085,088,118,094
114,074,062,067,108,093,066,069,120,064,110,113
064,100,082,110,115,100,096,094,069,102,074,080
083,112,119,075,105,089,073,087,093,075,094,114
105,069,092,102,090,088,107,075,117,089,104,087
079,085,113,066,079,114,063,117,111,095,114,069
105,080,098,074,083,100,094,071,108,105,111,080
087,114,062,092,071,079,075,085,111,109,120,069
108,083,108,116,093,101,091,089,102,072,077,108
071,064,093,119,108,095,087,081,070,063,099,074
074,093,066,115,075,074,099,104,101,085,114,080
110,120,079,087,065,092,079,088,084,097,120,083
068,118,090,071,108,096,082,091,115,099,068,094
092,072,098,109,087,093,116,085,105,116,114,098
096,078,077,072,119,100,107,090,088,115,092,096
101,065,071,085,103,066,118,084,072,112,113,074
088,113,088,095,099,120,071,103,116,092,069,104
097,109,070,102,109,105,106,065,087,109,118,083
115,083,108,103,071,091,084,110,095,063,075,106
068,064,065,097,108,069,109,070,067,080,118,117
095,085,120,079,066,102,113,075,117,085,111,089
101,103,094,089,115,110,118,095,078,102,091,118
104,084,063,104,078,104,087,113,116,091,092,074
118,063,091,067,116,115,092,117,065,061,090,077
090,070,070,092,111,105,094,105,117,078,101,081
106,116,078,079,112,076,066,067,119,108,076,096
105,072,062,120,097,110,111,065,076,104,089,070
097,113,117,082,108,102,082,090,080,094,098,111
108,117,092,112,075,082,116,094,068,070,066,081
119,085,071,061,083,074,086,072,085,112,103,109
090,099,062,065,111,107,111,108,083,102,081,062
095,069,099,069,114,061,103,070,105,095,112,079
076,088,107,117,101,100,089,074,078,103,105,113
083,103,068,095,086,095,108,101,107,093,082,086
102,109,084,120,069,106,094,092,105,099,067,073
085,067,101,105,093,066,119,103,091,092,112,104
081,090,093,106,085,073,081,074,112,063,090,079
100,099,083,075,105,070,111,104,089,065,110,067
062,095,077,097,084,064,119,115,088,067,061,095
102,074,074,095,066,107,090,063,104,103,088,120
070,079,094,117,088,111,108,071,070,097,098,118
099,116,097,073,103,114,070,085,112,109,064,076
117,110,072,089,108,064,062,076,081,118,099,093
085,102,061,108,062,075,079,083,094,074,070,119
080,112,112,103,106,066,071,097,113,102,088,102
067,071,072,097,105,086,080,120,065,076,078,063
088,061,061,104,098,063,101,078,081,098,085,104
080,108,092,099,088,086,119,097,064,077,094,102
061,091,093,097,076,071,114,081,091,069,101,082
118,070,094,113,067,119,085,093,067,107,084,077
069,084,081,088,072,065,098,108,117,116,103,079
105,061,116,110,108,073,083,092,096,064,081,089
111,106,088,089,120,086,099,097,068,074,070,087
071,065,083,116,073,115,115,114,098,110,103,084
105,097,094,101,095,070,110,083,066,116,107,083
094,111,099,081,090,086,088,063,112,064,076,098
091,106,097,107,101,118,099,076,107,073,090,062
078,114,084,094,061,092,080,086,079,075,118,069
066,098,108,112,068,099,102,100,119,120,119,061
076,094,086,078,108,104,090,095,061,116,101,084
082,118,109,088,076,095,072,074,113,101,119,105
101,062,071,072,086,117,064,093,064,091,116,082
116,104,082,093,069,074,079,074,106,118,113,084
117,099,081,108,090,072,068,088,070,099,095,089
118,112,093,065,087,080,107,062,089,083,082,085
080,104,100,114,094,090,083,064,067,070,116,064
088,097,101,074,067,117,100,112,086,074,112,068
085,078,084,081,061,090,118,089,119,087,078,115
119,073,098,077,114,077,061,066,110,096,077,116
094,099,120,074,085,100,105,071,081,070,079,106
078,061,097,076,096,089,097,087,087,111,090,109
083,065,071,113,079,080,116,114,064,114,119,117
118,067,111,076,072,078,061,062,110,104,092,107
089,093,115,113,092,097,102,107,085,106,080,066
065,107,098,103,072,075,076,103,105,081,118,103
086,099,105,118,085,120,105,064,082,076,073,111
116,087,093,063,101,095,118,100,071,087,070,061
110,072,078,084,109,061,075,111,067,086,094,108
085,083,063,073,114,113,084,098,069,087,088,075
078,108,081,102,090,110,104,079,091,109,084,082
097,074,105,120,071,084,063,074,111,078,113,079
108,090,117,096,098,067,110,114,089,067,102,115
097,078,094,066,096,069,075,067,108,066,109,108
063,100,075,077,103,094,082,107,110,105,107,088
