106,116,099,103,093,099,108,096,081,063,109,118
105,082,114,072,095,074,097,095,086,076,089,074
107,087,076,078,076,106,109,107,067,087,119,082
089,095,112,088,104,117,070,095,102,112,102,109
112,085,089,109,092,085,073,107,077,093,081,089
105,090,076,114,096,079,094,110,079,071,110,082
085,072,113,096,099,078,072,107,104,069,083,085
119,090,117,089,112,111,110,066,064,076,092,077
076,098,063,073,095,118,078,096,071,109,094,119
100,099,087,080,090,070,102,114,075,114,064,088
088,093,061,113,063,083,078,098,108,092,083,090
069,068,074,091,089,094,091,104,098,105,091,064
086,064,097,111,076,108,108,068,066,072,083,081
109,105,113,087,096,103,084,120,110,084,115,103
086,113,080,094,093,116,068,116,116,090,072,076
095,093,079,092,083,098,069,092,078,067,091,062
073,082,120,067,107,088,088,110,118,100,070,116
108,112,104,118,108,074,071,081,086,115,096,083
094,105,080,103,092,098,077,075,112,106,117,108
077,113,117,086,067,080,090,093,087,084,089,086
080,079,072,062,112,114,084,078,095,117,101,065
099,117,070,086,065,072,110,114,082,075,092,090
067,104,067,073,094,091,065,116,074,102,120,091
080,088,070,099,097,103,077,095,115,105,106,108
063,086,102,108,095,111,106,104,087,114,120,107
061,096,090,112,080,077,112,120,092,068,080,116
098,062,103,079,075,063,088,106,067,072,096,101
072,064,075,099,104,095,061,094,088,094,117,113
103,114,079,105,075,062,093,103,083,110,070,108
068,119,066,068,088,067,117,114,109,068,112,110
069,075,076,111,080,066,100,087,070,102,067,103
082,065,067,098,079,063,088,083,119,080,080,107
109,062,072,109,102,118,072,078,084,069,064,062
093,105,100,081,100,079,107,074,088,090,077,106
075,097,084,101,104,092,092,109,102,072,102,100
081,117,080,114,074,101,084,065,066,092,096,110
069,086,117,102,113,115,112,092,108,111,101,092
107,106,116,097,105,101,082,094,095,075,063,088
091,068,061,091,081,109,100,083,099,074,087,064
093,101,107,083,102,085,068,064,101,097,110,106
106,115,079,064,109,082,063,072,076,091,064,061
069,102,075,078,087,097,118,074,065,119,095,112
117,094,080,076,096,092,090,087,116,067,063,078
092,067,097,066,103,090,104,096,070,106,111,064
102,096,110,085,117,066,094,093,111,078,092,065
110,067,115,094,104,108,114,099,098,110,116,118
070,082,117,098,066,113,111,091,096,097,111,082
098,108,067,091,071,076,080,069,112,062,099,108
115,061,118,107,074,070,100,112,117,092,069,116
094,071,096,062,105,092,090,076,102,068,102,094
066,086,061,119,119,070,115,100,095,114,062,093
118,082,113,109,062,111,107,111,065,074,112,094
072,097,099,064,088,113,120,099,067,076,063,091
069,070,080,082,081,105,114,074,109,106,072,103
061,100,092,100,118,090,119,111,113,104,099,071
071,116,104,086,102,083,096,107,094,101,105,067
087,099,118,112,082,086,113,082,114,084,112,089
094,109,074,073,087,068,072,118,097,065,084,111
083,112,089,083,081,097,073,079,111,113,082,108
108,077,111,100,099,090,070,115,074,085,083,119
113,089,067,109,100,119,113,065,086,096,075,087
118,080,096,095,069,108,119,063,102,090,089,096
092,078,101,110,112,067,066,081,085,106,063,065
079,074,072,115,096,118,119,067,072,089,085,067
093,076,088,109,064,084,069,107,106,099,064,069
074,104,061,103,083,069,085,090,065,064,083,080
072,090,078,116,082,115,120,077,066,089,102,061
093,120,071,065,112,073,098,099,084,119,076,082
105,077,117,078,107,062,110,075,112,076,080,086
061,075,106,111,070,087,105,074,068,067,099,101
092,106,077,100,114,096,096,109,104,063,065,114
070,098,108,116,094,113,098,103,075,074,120,115
063,109,102,062,095,065,115,091,095,066,068,071
079,085,107,077,083,061,077,085,071,077,070,088
084,089,071,086,097,102,080,115,062,068,075,105
077,119,072,095,076,099,120,079,112,072,070,073
076,087,080,073,089,071,114,077,110,087,118,088
118,062,087,115,104,107,111,101,112,066,066,085
082,102,066,078,095,115,086,110,072,079,082,090
062,080,093,087,074,109,109,090,094,099,080,110
102,065,120,116,103,077,075,080,072,073,084,071
096,111,110,076,111,116,095,073,114,092,072,074
088,075,098,073,066,106,085,061,078,077,064,107
101,108,071,102,102,088,063,074,064,112,091,101
119,074,093,115,114,106,107,113,074,076,062,073
111,081,083,109,095,099,077,097,116,102,067,065
120,110,092,110,113,100,064,073,091,088,116,101
079,089,070,062,079,106,086,085,084,100,081,096
118,077,092,071,113,063,102,091,105,096,061,084
101,075,085,073,076,096,116,095,099,092,113,071
084,081,091,114,073,101,091,070,119,118,089,069
115,076,088,084,065,096,061,086,064,092,087,092
113,073,090,111,097,073,101,081,067,099,079,115
098,071,073,066,120,066,086,094,097,094,068,103
109,076,093,112,078,079,091,069,078,108,104,098
114,061,071,114,098,095,100,120,096,115,080,085
071,073,120,068,062,065,074,106,094,077,096,100
078,101,105,083,104,101,114,119,083,111,080,070
090,095,103,075,065,108,099,063,093,086,117,116
061,072,089,085,091,082,069,103,092,095,112,098
108,103,093,114,094,063,117,075,087,063,119,069
082,087,113,118,119,086,100,073,084,074,091,083
090,108,116,112,094,069,091,084,080,105,108,095
089,068,075,104,108,114,079,094,093,098,069,077
072,120,100,110,062,082,073,114,089,103,111,104
110,079,070,071,099,083,120,105,107,084,108,061
102,081,076,063,078,068,080,072,087,071,094,070
099,068,104,078,093,084,100,114,072,075,109,087
103,117,105,095,081,086,107,078,113,108,074,088
091,098,072,081,064,103,064,089,097,119,084,109
076,107,096,075,117,118,087,086,110,070,065,094
097,105,076,083,065,109,083,106,103,118,114,116
081,074,067,101,087,094,075,093,100,108,090,064
078,069,100,089,098,074,064,108,076,118,077,062
064,116,080,112,104,094,109,100,083,064,116,061
102,073,063,084,067,071,081,119,104,072,074,083
065,118,078,119,087,117,117,100,062,061,116,110
091,092,066,094,104,065,109,093,107,098,088,065
096,077,074,120,089,088,095,086,103,091,087,078
112,107,085,115,090,110,094,075,070,085,101,061
078,091,095,091,107,085,090,079,099,081,082,099
097,090,097,076,073,090,103,106,067,093,081,108
116,119,120,104,080,068,063,070,061,078,069,061
117,068,113,074,066,084,061,098,081,075,114,081
101,062,092,120,106,100,063,103,079,065,085,118
108,087,099,097,071,104,105,085,067,069,081,070
098,077,077,089,117,070,110,109,087,061,076,068
097,100,066,115,090,077,099,073,118,079,106,064
098,118,073,068,108,062,095,076,071,120,075,100
091,087,101,077,085,101,086,120,065,090,073,088
105,089,072,106,093,079,080,099,092,115,092,082
104,087,089,065,109,097,066,100,114,062,064,081
098,084,108,119,072,087,099,104,084,083,086,073
111,069,101,086,097,082,071,101,110,115,101,119
074,062,077,082,087,119,113,091,091,107,100,095
087,089,102,079,116,103,071,085,077,084,061,117
083,118,070,065,078,097,093,102,079,083,105,064
105,104,087,106,107,119,098,086,064,067,067,100
106,118,075,115,087,096,074,078,076,120,063,112
108,105,078,110,073,075,117,091,069,074,081,120
110,081,084,106,094,067,115,097,101,117,118,093
114,089,068,088,107,110,067,079,079,091,085,065
078,102,112,119,100,105,083,071,082,063,076,088
116,086,062,066,087,088,074,100,116,075,114,067
076,092,089,110,101,109,118,068,098,079,061,088
062,099,097,068,112,096,105,113,096,084,071,093
071,118,094,064,110,097,075,086,116,098,102,105
113,095,114,090,119,072,117,120,091,096,117,080
098,080,106,061,061,092,073,089,105,071,068,077
120,087,079,109,062,104,105,069,089,106,070,089
117,110,104,080,070,075,107,100,082,114,086,111
103,081,070,113,119,102,073,077,088,081,085,068
114,068,088,066,089,076,084,086,093,085,108,120
089,067,090,075,068,082,104,115,104,083,114,088
109,086,097,113,071,091,070,076,067,063,093,096
065,103,069,117,079,095,083,073,107,090,085,104
092,113,062,071,109,116,095,078,097,083,073,115
087,081,091,072,063,108,101,113,113,116,118,089
066,096,112,061,070,077,090,115,101,107,097,064
067,090,107,086,084,102,089,111,068,095,113,075
081,112,081,116,069,093,103,082,108,083,062,084
097,067,092,072,080,095,080,096,100,101,073,119
079,108,111,087,118,086,089,063,079,087,115,062
088,111,066,075,102,110,062,100,104,076,085,082
103,062,068,070,097,071,108,107,099,085,075,091
090,100,069,082,070,109,070,072,107,061,118,120
062,092,111,067,106,105,063,116,117,076,091,073
086,074,089,093,120,101,077,067,069,072,072,083
077,087,074,103,110,074,110,091,089,120,084,092
082,117,076,084,114,115,105,062,079,061,115,117
085,091,064,095,065,086,093,083,083,117,084,079
092,118,108,091,114,078,115,102,077,109,061,068
072,077,065,073,064,118,075,098,091,106,064,120
068,115,061,074,097,069,086,090,112,103,116,091
090,091,113,119,065,068,078,088,096,088,080,108
068,101,096,074,076,061,061,065,100,103,120,102
079,062,093,111,080,071,069,095,072,108,106,113
109,099,091,097,118,094,067,113,112,109,096,085
070,064,108,093,081,107,111,102,096,094,090,098
106,082,074,087,064,071,107,093,098,120,084,113
074,067,109,103,104,114,070,092,090,101,105,066
069,101,106,119,084,118,086,067,116,088,077,112
089,116,061,111,119,095,097,117,111,071,066,114
063,115,099,084,107,067,100,085,065,117,065,107
103,110,062,076,098,102,084,108,115,098,080,106
076,069,092,080,064,066,103,085,078,065,089,102
065,077,112,099,112,105,105,063,098,097,110,104
111,068,114,086,085,094,087,095,104,077,078,120
101,083,105,107,083,086,105,078,071,075,071,107
105,117,117,073,066,074,069,112,109,117,120,094
085,076,119,071,088,101,074,111,116,076,105,086
072,110,089,080,109,111,094,092,062,117,116,077
076,066,109,119,084,116,090,066,066,107,084,115
109,115,107,117,100,076,076,103,071,096,088,100
062,094,101,066,104,097,077,091,099,118,104,068
106,065,112,091,113,090,086,102,076,073,063,080
092,116,084,085,094,076,093,113,092,074,117,064
087,098,077,064,098,063,109,098,093,065,081,065
106,067,078,100,076,077,104,061,089,098,078,118
096,068,073,118,118,069,066,070,074,090,073,061
088,117,094,095,081,062,099,116,101,112,105,070
112,075,093,110,098,069,110,063,102,064,096,106
077,111,101,079,093,117,109,120,071,117,088,105
087,101,090,061,086,079,103,066,079,099,079,066
117,084,109,078,107,095,063,118,120,080,091,118
069,120,071,110,083,077,068,081,068,083,105,110
088,077,118,087,064,096,066,061,096,099,087,112
110,119,109,075,071,066,118,097,084,070,077,081
114,083,110,095,078,089,083,075,107,103,114,101
063,111,111,085,095,106,104,079,079,097,083,070
093,104,063,069,075,085,099,066,081,095,119,089
086,100,091,105,106,117,083,103,062,097,087,062
082,107,109,061,073,069,104,064,106,071,097,074
069,099,085,116,062,085,082,095,103,113,066,067
105,061,086,108,068,072,061,077,063,096,073,092
090,069,064,093,097,112,063,102,075,111,072,098
081,094,066,119,091,086,120,082,072,093,102,066
067,117,069,081,090,080,116,096,108,089,095,088
070,112,111,070,082,104,073,081,105,073,096,067
099,065,102,104,065,066,085,114,117,119,103,070
091,100,089,075,120,085,113,112,070,100,091,065
097,093,081,091,072,100,103,092,106,078,061,089
119,088,112,079,068,094,081,080,095,109,071,072
109,073,099,088,097,092,102,113,074,093,115,067
090,071,116,087,103,105,083,094,080,111,072,096
066,111,099,111,061,110,084,075,100,069,066,087
062,113,084,112,119,091,086,112,080,097,110,113
089,099,081,090,106,090,105,076,101,072,105,119
106,098,070,097,095,103,099,115,093,119,097,107
083,062,066,118,064,109,063,100,084,097,100,068
070,061,078,112,077,063,079,076,079,119,085,087
078,073,086,106,061,099,071,112,116,094,068,105
109,085,115,083,103,087,089,104,085,063,075,102
120,119,101,118,088,097,106,120,105,084,082,078
115,118,068,106,107,075,068,113,112,117,073,094
107,102,082,064,112,104,061,097,095,067,114,097
113,099,120,114,095,102,101,102,064,098,072,116
107,094,082,089,111,065,073,084,062,110,097,108
085,117,101,070,064,113,120,063,120,073,067,075
098,113,104,081,101,082,062,067,097,106,061,095
081,082,075,108,098,066,119,104,118,070,086,068
111,072,070,120,086,072,110,077,069,066,115,088
073,093,082,066,062,119,062,069,099,086,120,103
077,079,114,111,096,070,084,103,117,096,090,062
120,062,108,118,118,067,082,067,076,102,111,098
119,064,085,064,117,063,073,087,071,115,077,102
071,061,093,106,082,071,113,076,084,082,107,092
101,076,077,117,094,106,092,086,108,071,069,114
099,102,099,119,066,116,106,069,062,106,112,082
110,073,100,094,079,070,071,078,115,089,081,113
107,114,092,093,074,064,104,088,108,066,104,109
067,081,105,072,120,095,062,086,065,110,080,102
101,098,078,085,098,094,078,103,074,080,063,093
094,111,114,109,091,093,084,104,088,103,070,078
069,079,077,115,075,079,100,098,106,073,073,111
118,114,098,096,115,108,063,097,108,110,064,110
077,099,063,061,096,090,074,068,111,105,107,070
061,067,094,072,085,069,080,065,075,092,110,111
078,064,078,115,082,093,092,081,107,116,093,068
063,106,079,082,065,069,119,115,064,101,103,101
094,078,115,107,063,071,086,088,065,083,080,113
081,076,092,119,069,096,102,067,111,120,120,088
114,098,103,094,106,102,115,069,079,081,108,067
105,118,090,104,120,113,108,085,080,109,065,076
109,066,109,108,088,108,071,069,084,068,120,061
063,062,066,091,080,078,062,088,087,065,088,079
084,072,102,092,095,071,101,095,068,075,063,101
099,107,084,095,070,067,115,081,085,113,105,099
113,114,078,062,094,084,082,061,089,097,100,093
062,116,119,076,100,064,062,089,114,070,116,115
063,107,086,078,111,118,067,084,093,061,083,120
080,101,083,066,109,069,090,089,065,100,093,081
104,066,106,075,083,067,075,076,064,115,068,098
095,063,072,113,116,082,112,065,086,103,103,104
079,107,093,080,091,089,120,090,119,098,066,077
100,080,090,063,116,083,078,093,064,063,070,093
098,065,081,085,092,089,090,117,087,105,110,068
112,115,110,118,082,074,106,081,085,088,074,094
111,079,119,085,079,068,112,074,065,075,114,079
095,083,080,061,088,092,066,093,116,079,115,111
092,111,120,097,083,082,069,087,104,070,072,088
103,071,094,090,111,117,063,066,120,096,111,103
085,097,081,061,073,103,100,116,079,117,088,069
081,098,077,074,084,090,109,091,096,082,080,084
090,078,117,072,073,104,082,098,092,063,073,108
117,074,118,075,103,119,094,114,069,113,119,075
105,116,103,102,064,080,110,069,088,098,089,101
096,073,120,075,104,100,089,107,101,115,086,077
113,078,074,071,083,113,108,094,063,114,113,079
072,099,096,119,080,091,114,105,065,105,074,116
071,100,061,118,068,107,085,098,078,081,068,112
092,083,065,120,078,083,091,099,068,090,118,081
110,099,074,115,116,073,102,087,064,075,085,095
072,082,088,071,064,114,101,106,116,104,088,082
068,063,083,087,115,065,100,082,086,097,062,095
