080,115,063,114,098,095,097,119,109,061,091,062
105,066,112,061,094,068,114,106,094,064,103,112
107,067,094,109,066,103,096,099,103,093,094,070
101,083,062,111,088,105,097,087,076,112,117,069
094,075,117,065,065,087,078,108,109,095,094,098
110,079,096,064,120,089,082,076,068,111,107,073
061,098,098,065,116,081,090,087,107,087,099,081
096,092,100,087,074,069,110,066,069,113,090,066
088,072,118,085,119,111,067,096,116,065,114,104
069,084,069,068,094,081,075,113,070,119,113,080
098,115,061,100,072,083,079,107,074,075,063,099
062,079,107,117,088,098,066,108,087,094,096,104
100,119,086,061,076,068,093,074,071,095,103,110
066,120,091,101,099,071,071,105,065,109,107,078
083,116,107,085,104,111,115,074,098,118,096,094
110,099,078,098,082,103,097,117,081,117,063,081
120,098,085,093,083,115,089,095,065,070,109,099
088,062,068,110,106,116,063,068,073,064,114,111
077,104,100,107,117,061,114,116,118,062,101,077
116,061,110,114,099,107,066,100,108,101,094,069
117,112,078,074,118,082,114,098,116,119,086,110
071,116,062,070,099,090,120,084,087,078,089,105
064,114,069,103,072,091,063,091,061,110,110,069
098,070,064,085,088,065,118,114,079,118,095,101
096,105,097,078,116,063,073,091,092,061,068,108
098,117,071,114,080,064,085,084,112,081,111,086
101,110,105,098,086,094,061,079,078,071,064,100
072,119,112,070,100,075,097,070,106,096,108,095
102,117,064,101,066,092,088,102,098,067,119,087
113,115,099,100,070,113,084,117,070,081,116,100
072,092,101,111,110,095,079,105,097,113,091,068
083,106,080,082,098,068,120,083,070,111,074,082
117,092,077,066,082,101,072,062,091,087,115,094
083,109,078,063,067,102,109,108,106,082,064,095
064,115,114,084,118,061,076,063,074,112,088,086
105,107,106,085,089,079,098,080,069,091,113,076
085,079,080,103,107,071,112,084,110,118,069,100
061,075,098,083,088,069,090,067,089,119,082,087
106,097,107,081,072,102,111,079,094,112,111,105
075,085,074,095,109,080,104,086,077,087,106,077
099,091,079,119,078,099,067,113,096,098,109,085
073,113,067,077,088,095,111,074,063,080,119,105
100,063,061,107,106,072,069,087,104,099,061,085
074,089,086,108,101,061,111,075,092,116,084,073
072,078,085,094,090,069,064,074,101,112,108,098
120,077,082,113,061,062,088,085,084,065,114,061
110,105,100,112,093,087,096,079,099,072,089,099
063,094,089,098,069,081,083,085,116,084,110,119
091,085,109,079,115,116,086,098,062,094,102,091
064,069,101,097,107,118,099,118,090,073,119,098
071,118,081,074,073,098,120,085,080,117,106,089
067,079,064,088,095,113,111,100,096,086,073,082
064,116,110,063,086,080,086,116,119,095,093,068
088,092,069,092,069,119,090,062,064,090,081,120
097,076,080,116,061,095,072,114,107,095,088,112
088,090,108,072,064,087,100,106,080,104,077,108
120,073,094,107,094,061,120,118,066,118,101,086
080,065,097,081,073,065,075,106,112,114,087,067
077,099,071,092,099,108,079,104,068,086,083,099
067,081,070,104,110,093,088,113,080,106,068,105
100,108,073,096,097,104,067,080,096,107,116,111
115,088,106,103,063,119,072,093,074,120,079,112
097,090,118,093,091,094,080,099,108,083,064,099
116,094,075,103,083,069,107,083,070,076,102,093
084,098,111,112,098,104,089,109,111,091,071,072
079,101,089,073,071,073,080,092,113,077,095,115
080,108,105,065,075,108,116,113,061,099,075,109
079,076,078,077,105,064,097,083,080,078,111,088
064,081,062,095,115,109,074,113,064,118,076,080
066,088,083,063,104,108,101,089,074,063,110,088
093,097,065,093,098,074,116,073,093,083,108,096
118,104,075,089,092,073,070,069,077,105,120,070
076,108,061,069,072,097,119,112,094,076,072,095
071,070,084,074,070,101,114,101,119,064,090,096
081,108,101,105,098,071,064,075,082,075,066,070
065,102,084,090,112,065,100,070,083,111,104,090
086,103,061,115,086,078,111,073,068,074,061,120
093,095,062,116,081,071,120,102,081,105,099,095
094,103,064,065,105,063,106,113,111,094,071,079
087,096,073,074,103,079,084,063,103,113,068,064
071,068,110,082,072,063,107,064,075,084,063,117
114,119,095,085,113,118,115,114,080,069,070,077
067,088,088,079,087,102,086,106,083,062,078,119
083,090,068,077,115,111,091,108,088,104,088,120
118,068,066,107,062,103,087,098,072,082,072,104
083,061,115,087,086,091,120,069,081,065,061,078
094,088,100,102,119,073,094,074,087,104,087,089
096,076,089,070,114,085,075,116,068,101,095,100
080,071,119,103,078,066,106,098,081,110,087,085
094,083,091,120,112,108,080,091,078,115,075,093
081,068,104,095,097,095,098,101,096,077,107,120
108,065,063,082,117,099,114,099,080,074,103,070
119,115,098,069,063,115,084,119,105,099,063,071
064,079,071,090,073,109,118,089,082,089,103,074
104,083,109,101,104,115,081,082,101,099,112,099
076,061,119,082,084,102,095,073,098,085,115,082
115,107,097,063,110,083,066,089,109,082,099,062
090,086,111,082,120,104,068,078,093,066,115,106
093,064,062,100,085,062,065,062,100,115,076,074
120,116,073,081,092,086,115,108,105,072,083,119
066,064,104,078,116,088,086,079,103,076,070,086
111,072,082,071,113,104,116,072,091,105,103,061
110,065,077,090,069,105,097,096,077,080,085,073
092,062,073,062,117,109,101,069,062,108,112,092
084,094,099,075,064,082,084,096,111,063,090,101
064,077,067,078,072,069,105,108,090,103,100,084
068,072,073,077,062,086,077,086,066,069,073,108
097,118,106,095,116,091,074,097,102,103,115,069
088,068,079,098,092,064,109,087,114,092,081,095
073,105,105,118,103,107,105,097,068,066,066,065
115,089,100,072,091,064,106,092,073,067,110,089
102,105,071,113,120,092,070,105,070,087,083,105
099,115,079,081,106,081,120,099,115,077,071,111
085,101,104,116,090,094,092,101,086,117,076,092
090,072,092,103,106,108,107,110,072,115,093,109
086,118,097,071,116,068,075,102,114,089,087,063
064,083,117,110,095,120,089,096,087,076,119,088
075,101,063,096,110,108,115,076,111,103,095,066
120,111,073,117,118,088,065,100,113,119,103,089
100,090,076,090,102,095,078,081,074,067,063,070
084,061,074,119,090,110,114,074,080,114,111,078
102,109,061,106,116,109,109,070,082,077,086,067
105,115,062,071,065,106,065,075,109,067,094,080
062,089,113,102,082,105,101,113,078,089,065,118
104,063,092,090,093,119,077,081,101,066,064,109
108,090,079,115,062,112,080,061,094,067,083,073
102,078,066,073,091,107,097,091,106,079,093,076
085,076,063,061,094,095,108,074,115,110,116,089
100,080,069,102,084,097,072,098,101,118,080,068
069,095,111,067,085,108,076,077,078,062,067,071
112,110,109,100,119,102,116,095,093,082,116,107
075,073,096,069,076,065,103,117,079,092,098,082
088,091,086,112,088,081,118,069,088,063,089,104
094,101,110,085,068,067,095,084,075,105,096,117
091,095,068,107,114,103,092,099,086,084,070,095
063,109,096,075,073,088,093,108,075,083,072,067
094,077,080,102,103,067,076,091,105,113,077,069
068,099,079,094,095,083,078,092,086,072,102,118
100,067,097,114,085,086,072,087,082,116,062,080
108,087,085,072,107,074,068,103,109,088,096,071
086,120,081,114,111,066,085,097,104,101,086,105
077,091,086,089,120,062,112,067,099,102,084,078
108,082,106,062,084,068,108,111,093,061,114,075
083,102,094,105,078,075,069,093,111,099,103,078
084,106,087,084,066,117,078,079,104,112,111,077
064,070,113,096,062,093,119,061,086,076,097,075
119,092,093,100,076,102,091,092,090,091,113,061
100,098,075,071,111,081,097,110,093,120,075,080
077,074,117,090,064,117,092,067,088,087,085,105
075,076,111,080,072,077,062,087,115,075,063,113
062,068,067,062,067,120,092,093,091,100,109,110
114,073,072,103,078,118,112,089,067,114,076,107
120,090,109,096,094,117,075,077,099,116,094,120
108,103,104,082,102,089,111,117,117,100,071,100
107,084,065,063,086,065,077,089,120,115,093,107
100,096,102,085,082,114,065,094,102,116,101,081
081,115,066,084,078,070,067,089,085,069,077,116
093,113,067,095,117,089,112,096,083,089,068,117
075,069,112,077,110,092,065,069,079,077,098,111
061,096,068,083,087,066,100,073,068,112,113,108
119,068,110,098,078,120,062,114,064,062,104,065
098,102,081,102,071,064,090,070,067,105,086,102
068,061,067,064,081,062,084,088,114,096,067,118
118,090,101,065,118,075,119,106,062,075,104,076
105,084,092,109,078,090,094,114,106,063,093,084
092,102,073,118,073,093,065,096,094,082,105,092
110,064,077,117,097,061,087,099,081,086,117,116
107,114,076,062,071,108,103,096,118,108,110,111
076,118,080,096,064,086,114,100,102,106,106,107
069,108,075,067,099,079,080,066,116,108,075,117
101,093,087,073,071,104,107,097,070,110,104,094
077,083,066,094,061,088,085,092,066,097,117,115
085,074,118,091,072,075,086,113,102,110,091,061
120,087,101,096,073,103,068,104,091,067,092,089
110,116,078,088,107,072,087,113,099,088,096,083
081,092,114,066,099,067,103,085,076,072,093,081
100,104,073,099,090,115,102,114,067,085,090,119
089,093,082,085,112,116,076,084,082,091,105,095
070,102,114,090,100,120,085,104,066,075,068,070
091,084,111,107,070,116,116,066,087,116,077,085
119,077,117,104,098,062,080,090,109,081,076,064
113,078,073,061,076,101,071,085,117,067,061,102
075,079,066,063,112,098,118,081,061,072,110,100
102,094,087,095,086,087,094,108,068,090,108,064
086,119,115,092,083,100,064,078,115,096,079,095
073,076,119,091,097,116,118,117,070,085,109,090
110,084,099,065,096,120,062,063,113,072,101,073
112,109,088,117,072,101,100,085,075,063,081,085
087,079,118,077,061,074,063,092,071,094,071,087
117,072,104,092,097,062,100,113,090,093,116,069
099,069,061,067,111,118,080,081,079,082,120,064
082,100,119,101,088,076,095,103,083,087,110,071
112,069,112,093,068,075,077,065,079,091,108,088
092,087,067,108,103,071,116,078,104,069,065,115
112,105,117,095,109,118,095,077,109,084,092,070
061,111,078,083,106,078,070,073,114,065,071,120
097,073,101,071,114,120,096,082,077,092,089,072
071,112,096,078,063,103,093,091,099,093,061,064
070,096,101,106,120,117,092,097,110,087,084,103
091,109,091,089,067,069,107,102,074,079,082,120
120,068,116,098,088,071,077,071,120,106,070,099
105,093,120,119,061,089,113,079,089,113,085,119
087,080,107,090,102,090,083,065,061,087,093,114
100,097,084,099,092,107,069,107,082,065,078,110
088,103,063,095,117,087,076,071,072,064,071,119
106,067,081,072,061,066,117,078,091,071,104,067
082,097,084,118,089,071,088,107,096,068,082,117
118,119,093,079,078,112,108,097,062,084,106,090
120,075,082,088,080,118,081,089,065,095,114,079
087,118,114,091,108,120,066,062,066,072,110,113
109,071,103,077,070,118,118,072,094,099,111,089
086,107,102,066,108,102,082,084,084,067,107,112
081,090,075,107,120,113,071,086,104,106,064,113
107,089,070,117,097,069,075,087,091,083,117,085
118,095,090,089,073,112,076,067,115,101,067,082
116,090,106,070,095,090,078,073,109,114,097,120
120,112,075,119,071,074,111,097,073,094,067,110
115,066,064,089,113,084,085,090,071,093,095,114
106,105,113,081,079,069,111,093,101,120,105,076
069,078,088,075,085,089,069,062,106,073,109,103
084,081,104,109,106,069,095,076,098,097,106,064
064,104,081,100,063,089,087,101,109,074,070,080
116,096,105,061,096,072,067,115,087,112,098,092
117,083,111,113,065,078,068,073,076,120,114,088
107,108,119,080,062,101,102,096,102,112,104,066
109,111,090,061,076,083,085,063,070,083,071,083
079,097,113,066,082,070,097,065,063,112,085,099
074,106,103,083,089,088,120,079,104,110,074,062
101,103,092,084,100,078,100,094,098,091,109,077
118,094,068,095,076,081,086,082,074,092,066,071
101,067,070,091,079,072,118,074,068,089,089,100
074,105,102,101,061,104,095,092,063,101,083,081
069,111,067,119,092,100,071,106,109,097,092,094
106,088,095,080,120,103,102,063,091,081,070,074
102,115,119,108,107,065,066,091,093,077,097,064
085,112,079,065,119,094,106,112,068,079,074,102
100,118,069,073,090,111,071,061,102,104,115,073
113,065,117,076,082,078,109,107,111,085,086,099
110,077,084,077,113,092,083,114,071,065,065,111
108,079,120,072,115,118,063,120,088,074,106,093
065,120,066,119,066,082,068,082,065,092,064,084
096,091,113,085,114,108,113,112,116,074,112,080
061,108,087,111,098,077,105,090,106,076,063,086
086,074,065,068,075,095,081,061,098,090,098,093
083,066,079,070,113,094,092,083,068,085,103,105
064,098,093,094,086,066,068,097,089,097,074,104
081,104,101,117,103,100,119,099,080,083,084,079
069,086,098,099,077,114,091,112,089,065,092,075
101,100,101,080,112,095,117,093,111,106,096,081
107,082,077,088,075,090,074,110,080,107,083,112
066,112,118,083,088,070,073,104,108,092,095,096
070,072,065,067,069,082,105,109,115,112,109,119
117,079,102,082,084,071,103,104,083,074,110,062
068,092,116,085,120,105,079,090,081,087,079,073
101,074,113,098,070,114,094,072,090,082,106,066
103,097,063,118,094,089,063,090,098,063,092,118
104,084,072,073,074,090,076,110,113,114,079,116
091,078,107,063,081,098,067,093,084,072,098,109
074,100,078,109,088,093,117,071,103,087,076,078
083,067,062,107,073,080,077,097,064,102,097,115
077,061,116,105,097,112,067,070,115,103,071,102
118,103,106,118,093,116,074,087,099,066,084,089
097,067,082,061,091,115,062,077,100,088,067,063
062,113,096,119,086,093,115,070,075,110,078,094
065,103,071,115,097,094,117,113,104,107,090,112
068,109,091,110,086,073,079,066,109,062,105,087
088,097,100,086,093,070,108,070,079,102,095,078
114,086,101,078,079,100,068,114,106,091,113,099
100,076,105,114,098,076,104,093,086,075,102,111
083,088,073,063,113,107,109,120,110,073,091,113
066,081,083,082,064,111,064,103,093,078,063,064
119,065,099,103,096,093,105,078,096,110,114,078
083,113,067,066,120,080,116,101,095,111,062,119
061,070,075,112,119,117,096,118,100,077,091,117
063,069,069,089,061,065,105,104,075,104,078,085
065,072,081,103,089,108,115,093,066,109,091,075
109,086,076,109,066,074,074,065,064,112,090,113
074,117,116,118,082,092,072,080,063,079,111,076
110,072,062,104,085,080,097,099,115,086,101,107
106,094,099,074,090,065,062,115,082,099,084,080
101,084,106,117,070,075,072,109,106,087,066,076
085,066,102,073,096,088,066,096,080,079,083,084
076,116,069,076,117,108,108,063,074,096,106,110
075,081,115,085,089,080,105,080,069,071,097,080
094,110,104,091,114,069,072,074,106,109,104,119
082,095,070,107,110,080,069,109,084,115,063,077
106,099,088,101,076,089,102,062,103,098,107,098
120,110,097,086,112,072,068,106,114,117,105,100
062,096,076,119,082,062,107,119,107,077,111,092
076,114,075,098,084,070,093,063,102,068,116,103
118,112,068,113,085,065,083,086,096,111,114,087
100,068,112,082,066,098,068,115,113,109,084,108
117,105,093,080,068,087,065,091,095,086,096,085
091,074,079,083,103,091,119,081,099,076,088,080
105,062,102,077,067,116,111,084,102,097,062,117
