<><><><><><><><> 
Begin: 04-Mar-2014 17:52:18 
Matlab version  8.2.0.701 (R2013b) 
Psychtoolbox version  3.0.11 - Flavor: beta - Corresponds to SVN Revision 4331
For more info visit:
https 
Subjid: s30 Run Number: 1 
<><><><><><><><> 
Columns info in data file: 
1. display side (left 1/right 0) 2. # indvd  3. # gend  
4. response (masc - 1 :: fem - 7) 5. RT  
<><><><><><><><> 
Columns info in (this) info file: 
1. Stimulus start time (from trial start) 2. Stimulus off-time(from stimulus start time) 
3. RT or max response duration, if no response (from stimulus start time) 
 
1.001 4.002 4.342 
0.349 2.636 2.636 
0.484 2.735 2.735 
0.250 1.080 1.080 
0.618 2.222 2.222 
0.468 1.324 1.324 
0.349 2.280 2.280 
0.366 2.948 2.948 
0.934 1.861 1.861 
0.750 2.555 2.555 
0.584 2.915 2.915 
0.935 2.491 2.491 
0.284 1.034 1.034 
0.802 3.381 3.381 
0.800 2.436 2.436 
0.652 1.079 1.079 
0.350 1.287 1.287 
0.684 1.876 1.876 
0.450 2.218 2.218 
0.317 2.053 2.053 
0.368 1.631 1.631 
0.918 1.635 1.635 
0.267 2.613 2.613 
0.400 1.776 1.776 
0.250 1.866 1.866 
0.550 2.106 2.106 
0.218 1.989 1.989 
0.918 1.951 1.951 
0.367 1.552 1.552 
0.284 3.466 3.466 
0.451 3.694 3.694 
0.567 1.378 1.378 
0.284 1.481 1.481 
1.002 1.707 1.707 
0.468 2.628 2.628 
0.433 1.706 1.706 
0.250 0.806 0.806 
0.450 2.237 2.237 
0.233 1.796 1.796 
0.600 1.627 1.627 
0.818 3.473 3.473 
0.716 1.120 1.120 
0.283 2.950 2.950 
0.267 1.163 1.163 
0.818 1.390 1.390 
0.934 2.564 2.564 
0.633 1.911 1.911 
0.283 0.987 0.987 
0.868 1.037 1.037 
0.466 1.502 1.502 
0.434 1.067 1.067 
0.801 2.262 2.262 
0.217 2.508 2.508 
0.250 2.527 2.527 
0.734 3.585 3.585 
0.685 2.081 2.081 
0.616 3.311 3.311 
0.784 2.313 2.313 
0.768 1.599 1.599 
0.834 1.889 1.889 
0.434 1.026 1.026 
0.750 1.086 1.086 
0.651 3.902 3.902 
0.516 1.617 1.617 
0.250 1.080 1.080 
0.833 3.526 3.526 
0.467 1.978 1.978 
0.684 1.574 1.574 
0.801 1.237 1.237 
0.284 1.094 1.094 
0.300 1.448 1.448 
0.650 0.623 0.623 
0.584 1.418 1.418 
0.918 0.677 0.677 
0.850 3.541 3.541 
0.785 4.004 4.500 
0.250 1.504 1.504 
0.267 2.101 2.101 
0.267 1.121 1.121 
0.835 0.784 0.784 
0.952 1.402 1.402 
0.750 1.559 1.559 
0.317 1.199 1.199 
0.785 1.426 1.426 
0.300 1.194 1.194 
0.301 1.910 1.910 
0.718 1.766 1.766 
0.468 0.914 0.914 
0.734 2.968 2.968 
0.801 1.735 1.735 
0.668 2.713 2.713 
0.801 1.001 1.001 
0.383 0.804 0.804 
0.784 2.270 2.270 
0.985 1.540 1.540 
0.901 1.692 1.692 
0.267 1.532 1.532 
0.501 1.274 1.274 
0.501 0.892 0.892 
0.752 3.337 3.337 
0.684 3.726 3.726 
0.834 1.547 1.547 
0.500 1.414 1.414 
0.366 0.696 0.696 
0.267 2.355 2.355 
0.818 2.107 2.107 
0.367 0.659 0.659 
0.517 0.769 0.769 
0.650 1.440 1.440 
0.384 1.053 1.053 
0.718 0.325 0.325 
0.585 1.468 1.468 
0.317 1.529 1.529 
0.834 1.431 1.431 
0.284 1.225 1.225 
0.434 3.940 3.940 
0.400 0.528 0.528 
0.634 3.995 4.942 
0.283 1.369 1.369 
0.534 1.529 1.529 
0.284 0.924 0.924 
0.299 1.017 1.017 
0.835 0.381 0.381 
0.434 1.139 1.139 
0.684 3.992 4.198 
0.967 1.748 1.748 
0.551 1.674 1.674 
0.767 1.199 1.199 
0.817 2.365 2.365 
0.551 1.449 1.449 
0.734 1.596 1.596 
0.284 1.058 1.058 
0.952 0.537 0.537 
0.351 0.740 0.740 
0.417 1.466 1.466 
0.850 1.116 1.116 
0.600 1.469 1.469 
0.818 0.023 0.023 
0.517 1.088 1.088 
0.417 0.872 0.872 
0.234 0.935 0.935 
0.750 1.168 1.168 
0.551 0.897 0.897 
0.567 2.507 2.507 
0.685 3.207 3.207 
0.251 1.176 1.176 
0.450 1.939 1.939 
0.818 1.873 1.873 
0.767 0.968 0.968 
0.301 0.733 0.733 
0.300 1.403 1.403 
0.284 1.540 1.540 
0.216 2.236 2.236 
0.550 1.976 1.976 
0.733 1.546 1.546 
0.784 3.301 3.301 
0.634 2.424 2.424 
0.283 0.276 0.276 
0.700 0.835 0.835 
0.301 1.484 1.484 
0.317 0.928 0.928 
0.284 1.046 1.046 
0.317 0.769 0.769 
0.335 2.294 2.294 
0.367 0.575 0.575 
0.451 0.935 0.935 
0.451 1.297 1.297 
0.383 0.958 0.958 
0.400 1.263 1.263 
0.919 1.078 1.078 
0.768 0.949 0.949 
0.651 1.109 1.109 
0.351 1.634 1.634 
0.366 2.142 2.142 
0.267 2.170 2.170 
0.934 1.399 1.399 
0.768 0.959 0.959 
0.650 1.054 1.054 
0.451 1.733 1.733 
0.334 1.699 1.699 
0.702 0.745 0.745 
1.001 0.756 0.756 
0.334 0.645 0.645 
0.416 0.865 0.865 
0.518 0.669 0.669 
0.267 0.673 0.673 
0.751 0.672 0.672 
0.518 0.661 0.661 
0.984 0.813 0.813 
0.534 1.454 1.454 
0.701 0.711 0.711 
0.334 0.625 0.625 
0.516 1.489 1.489 
0.334 3.115 3.115 
0.817 2.018 2.018 
0.902 1.777 1.777 
0.484 0.851 0.851 
0.751 1.097 1.097 
0.434 1.022 1.022 
0.634 1.128 1.128 
0.867 1.105 1.105 
0.683 1.331 1.331 
0.467 3.029 3.029 
0.450 0.830 0.830 
0.567 0.516 0.516 
0.534 0.948 0.948 
0.484 2.069 2.069 
0.651 2.127 2.127 
0.800 0.900 0.900 
0.550 3.982 4.479 
0.551 0.863 0.863 
0.300 0.688 0.688 
0.217 0.683 0.683 
0.434 0.818 0.818 
0.450 1.554 1.554 
0.734 0.703 0.703 
0.968 1.092 1.092 
0.951 0.469 0.469 
0.567 2.208 2.208 
0.400 1.960 1.960 
0.817 1.182 1.182 
0.818 1.126 1.126 
0.801 0.926 0.926 
0.801 0.638 0.638 
0.283 0.917 0.917 
0.751 0.928 0.928 
0.567 0.914 0.914 
0.367 3.997 4.450 
0.283 0.807 0.807 
0.867 0.806 0.806 
0.350 0.734 0.734 
0.334 0.805 0.805 
0.735 0.955 0.955 
0.918 0.781 0.781 
0.617 0.862 0.862 
0.767 0.744 0.744 
0.332 0.627 0.627 
0.968 0.766 0.766 
0.635 0.759 0.759 
0.751 0.855 0.855 
<><><><><><><><> 
Response (Std deviation):  2.00 
RT (mean):  1.60 
Consistency:  0.73 
<><><><><><><><> 
End: 04-Mar-2014 18:01:04 
