<><><><><><><><> 
Begin: 04-Mar-2014 18:02:34 
Matlab version  8.2.0.701 (R2013b) 
Psychtoolbox version  3.0.11 - Flavor: beta - Corresponds to SVN Revision 4331
For more info visit:
https 
Subjid: s30 Run Number: 2 
<><><><><><><><> 
Columns info in data file: 
1. display side (left 1/right 0) 2. # indvd  3. # gend  
4. response (masc - 1 :: fem - 7) 5. RT  
<><><><><><><><> 
Columns info in (this) info file: 
1. Stimulus start time (from trial start) 2. Stimulus off-time(from stimulus start time) 
3. RT or max response duration, if no response (from stimulus start time) 
 
1.001 1.445 1.445 
0.350 0.945 0.945 
0.500 1.092 1.092 
0.250 1.262 1.262 
0.617 0.693 0.693 
0.468 0.767 0.767 
0.351 0.904 0.904 
0.368 1.357 1.357 
0.934 0.684 0.684 
0.751 0.710 0.710 
0.584 0.776 0.776 
0.935 0.662 0.662 
0.283 0.902 0.902 
0.801 0.251 0.251 
0.800 0.012 0.012 
0.651 0.011 0.011 
0.350 0.011 0.011 
0.685 0.718 0.718 
0.451 0.048 0.048 
0.317 0.920 0.920 
0.368 1.587 1.587 
0.919 0.947 0.947 
0.266 0.644 0.644 
0.400 0.715 0.715 
0.250 0.856 0.856 
0.551 0.881 0.881 
0.217 0.680 0.680 
0.917 1.173 1.173 
0.367 1.420 1.420 
0.283 1.237 1.237 
0.451 0.880 0.880 
0.567 0.933 0.933 
0.284 1.179 1.179 
1.002 1.146 1.146 
0.466 0.771 0.771 
0.449 0.590 0.590 
0.250 1.516 1.516 
0.451 0.960 0.960 
0.233 1.536 1.536 
0.601 1.440 1.440 
0.818 1.257 1.257 
0.700 1.034 1.034 
0.283 1.039 1.039 
0.267 1.091 1.091 
0.817 1.826 1.826 
0.934 0.838 0.838 
0.634 0.012 0.012 
0.284 0.167 0.167 
0.868 0.012 0.012 
0.466 0.081 0.081 
0.434 0.012 0.012 
0.800 0.012 0.012 
0.217 0.012 0.012 
0.250 0.012 0.012 
0.734 1.100 1.100 
0.684 1.205 1.205 
0.617 0.923 0.923 
0.785 0.807 0.807 
0.768 0.951 0.951 
0.834 2.725 2.725 
0.434 1.257 1.257 
0.750 2.422 2.422 
0.651 0.876 0.876 
0.517 1.093 1.093 
0.250 1.956 1.956 
0.834 1.908 1.908 
0.467 0.706 0.706 
0.685 1.573 1.573 
0.800 1.044 1.044 
0.284 1.959 1.959 
0.300 1.066 1.066 
0.650 0.730 0.730 
0.584 0.942 0.942 
0.918 1.032 1.032 
0.850 1.983 1.983 
0.784 1.004 1.004 
0.250 1.032 1.032 
0.268 1.400 1.400 
0.267 0.996 0.996 
0.850 0.682 0.682 
0.952 0.696 0.696 
0.751 0.709 0.709 
0.317 0.794 0.794 
0.785 0.875 0.875 
0.284 0.818 0.818 
0.300 0.708 0.708 
0.717 0.671 0.671 
0.468 0.865 0.865 
0.734 0.742 0.742 
0.801 0.914 0.914 
0.667 0.815 0.815 
0.800 0.254 0.254 
0.384 0.012 0.012 
0.783 0.012 0.012 
0.984 0.828 0.828 
0.901 1.250 1.250 
0.267 0.899 0.899 
0.501 0.779 0.779 
0.501 1.186 1.186 
0.751 1.068 1.068 
0.685 1.250 1.250 
0.835 0.987 0.987 
0.500 1.369 1.369 
0.368 0.850 0.850 
0.268 1.140 1.140 
0.818 1.034 1.034 
0.366 1.012 1.012 
0.517 0.919 0.919 
0.650 1.660 1.660 
0.385 1.477 1.477 
0.718 1.273 1.273 
0.583 0.982 0.982 
0.317 0.948 0.948 
0.834 1.013 1.013 
0.284 1.075 1.075 
0.434 1.250 1.250 
0.401 1.215 1.215 
0.633 1.332 1.332 
0.284 0.812 0.812 
0.534 1.149 1.149 
0.284 1.187 1.187 
0.300 1.214 1.214 
0.834 2.029 2.029 
0.434 0.813 0.813 
0.684 1.007 1.007 
0.967 1.054 1.054 
0.552 0.973 0.973 
0.751 0.850 0.850 
0.817 1.232 1.232 
0.552 1.257 1.257 
0.733 0.899 0.899 
0.284 0.945 0.945 
0.951 0.779 0.779 
0.351 0.768 0.768 
0.417 0.696 0.696 
0.834 0.620 0.620 
0.600 1.027 1.027 
0.819 0.998 0.998 
0.517 1.239 1.239 
0.418 0.947 0.947 
0.234 1.215 1.215 
0.734 1.536 1.536 
0.551 1.518 1.518 
0.568 0.730 0.730 
0.700 0.665 0.665 
0.251 0.752 0.752 
0.451 0.755 0.755 
0.818 0.695 0.695 
0.767 1.557 1.557 
0.300 1.143 1.143 
0.300 0.913 0.913 
0.283 1.069 1.069 
0.216 1.387 1.387 
0.550 0.907 0.907 
0.734 0.767 0.767 
0.784 0.812 0.812 
0.633 0.729 0.729 
0.284 0.968 0.968 
0.716 1.866 1.866 
0.300 0.951 0.951 
0.317 2.180 2.180 
0.284 1.002 1.002 
0.317 0.781 0.781 
0.333 0.711 0.711 
0.367 2.306 2.306 
0.450 1.070 1.070 
0.451 0.828 0.828 
0.384 0.961 0.961 
0.400 1.140 1.140 
0.919 0.972 0.972 
0.768 0.837 0.837 
0.651 1.343 1.343 
0.351 1.034 1.034 
0.368 0.686 0.686 
0.268 0.867 0.867 
0.936 0.795 0.795 
0.768 0.578 0.578 
0.650 0.639 0.639 
0.451 0.693 0.693 
0.334 0.846 0.846 
0.701 0.634 0.634 
1.001 0.722 0.722 
0.333 0.791 0.791 
0.417 1.482 1.482 
0.517 0.818 0.818 
0.268 0.711 0.711 
0.750 0.978 0.978 
0.518 0.973 0.973 
0.984 0.768 0.768 
0.517 0.898 0.898 
0.701 0.771 0.771 
0.333 1.073 1.073 
0.517 1.094 1.094 
0.333 0.968 0.968 
0.818 0.979 0.979 
0.901 1.219 1.219 
0.484 0.012 0.012 
0.751 0.011 0.011 
0.434 1.897 1.897 
0.633 1.046 1.046 
0.869 1.891 1.891 
0.685 0.744 0.744 
0.467 0.900 0.900 
0.447 0.118 0.118 
0.567 0.060 0.060 
0.535 0.011 0.011 
0.483 0.035 0.035 
0.651 0.670 0.670 
0.801 0.791 0.791 
0.550 0.961 0.961 
0.551 1.644 1.644 
0.300 0.960 0.960 
0.215 0.934 0.934 
0.434 0.083 0.083 
0.451 0.601 0.601 
0.734 1.013 1.013 
0.968 1.067 1.067 
0.952 0.923 0.923 
0.567 1.049 1.049 
0.400 1.483 1.483 
0.818 0.972 0.972 
0.817 1.177 1.177 
0.801 1.176 1.176 
0.801 0.995 0.995 
0.284 0.696 0.696 
0.751 1.114 1.114 
0.568 0.612 0.612 
0.367 0.867 0.867 
0.284 1.104 1.104 
0.868 0.922 0.922 
0.350 1.031 1.031 
0.334 0.708 0.708 
0.734 1.089 1.089 
0.918 1.339 1.339 
0.618 0.732 0.732 
0.768 0.900 0.900 
0.334 0.565 0.565 
0.967 0.502 0.502 
0.635 0.779 0.779 
0.750 1.035 1.035 
<><><><><><><><> 
Response (Std deviation):  2.02 
RT (mean):  0.95 
Consistency:  0.53 
<><><><><><><><> 
End: 04-Mar-2014 18:08:44 
