<><><><><><><><> 
Begin: 11-Mar-2014 15:00:41 
Matlab version  8.2.0.701 (R2013b) 
Psychtoolbox version  3.0.11 - Flavor: beta - Corresponds to SVN Revision 4331
For more info visit:
https 
Subjid: s36 Run Number: 2 
<><><><><><><><> 
Columns info in data file: 
1. display side (left 1/right 0) 2. # indvd  3. # gend  
4. response (masc - 1 :: fem - 7) 5. RT  
<><><><><><><><> 
Columns info in (this) info file: 
1. Stimulus start time (from trial start) 2. Stimulus off-time(from stimulus start time) 
3. RT or max response duration, if no response (from stimulus start time) 
 
1.001 1.143 1.143 
0.351 0.908 0.908 
0.484 1.158 1.158 
0.250 0.999 0.999 
0.617 0.610 0.610 
0.467 0.542 0.542 
0.350 0.711 0.711 
0.367 0.585 0.585 
0.934 0.737 0.737 
0.751 0.850 0.850 
0.584 0.809 0.809 
0.935 0.783 0.783 
0.284 0.836 0.836 
0.800 0.850 0.850 
0.785 1.145 1.145 
0.651 0.719 0.719 
0.352 1.086 1.086 
0.684 1.352 1.352 
0.450 0.684 0.684 
0.316 1.583 1.583 
0.367 1.971 1.971 
0.918 0.875 0.875 
0.266 0.666 0.666 
0.400 1.130 1.130 
0.250 0.927 0.927 
0.551 0.872 0.872 
0.216 1.353 1.353 
0.918 0.572 0.572 
0.367 1.414 1.414 
0.283 2.721 2.721 
0.450 0.828 0.828 
0.567 1.093 1.093 
0.283 0.776 0.776 
1.001 1.082 1.082 
0.467 0.791 0.791 
0.434 0.671 0.671 
0.251 0.752 0.752 
0.434 1.043 1.043 
0.234 1.462 1.462 
0.600 1.052 1.052 
0.818 0.765 0.765 
0.701 0.625 0.625 
0.268 0.782 0.782 
0.268 0.712 0.712 
0.834 0.817 0.817 
0.934 1.189 1.189 
0.634 0.634 0.634 
0.284 0.800 0.800 
0.867 0.613 0.613 
0.466 1.539 1.539 
0.434 1.351 1.351 
0.802 0.672 0.672 
0.216 0.847 0.847 
0.250 0.580 0.580 
0.734 1.177 1.177 
0.684 0.839 0.839 
0.617 1.998 1.998 
0.785 2.100 2.100 
0.768 1.473 1.473 
0.834 0.740 0.740 
0.433 0.767 0.767 
0.752 0.679 0.679 
0.651 0.967 0.967 
0.517 0.983 0.983 
0.251 0.787 0.787 
0.834 1.103 1.103 
0.466 0.601 0.601 
0.685 0.794 0.794 
0.801 1.587 1.587 
0.284 1.969 1.969 
0.301 0.650 0.650 
0.651 1.432 1.432 
0.583 0.551 0.551 
0.918 0.698 0.698 
0.833 0.625 0.625 
0.784 0.536 0.536 
0.250 0.838 0.838 
0.267 1.232 1.232 
0.268 0.771 0.771 
0.834 0.578 0.578 
0.951 0.655 0.655 
0.751 0.665 0.665 
0.317 0.543 0.543 
0.785 0.334 0.334 
0.284 1.057 1.057 
0.300 1.290 1.290 
0.717 0.871 0.871 
0.467 1.251 1.251 
0.734 1.772 1.772 
0.801 0.844 0.844 
0.667 1.606 1.606 
0.800 1.651 1.651 
0.384 0.549 0.549 
0.784 0.990 0.990 
0.984 1.322 1.322 
0.901 0.706 0.706 
0.268 0.693 0.693 
0.501 1.108 1.108 
0.501 0.780 0.780 
0.751 0.625 0.625 
0.684 1.041 1.041 
0.835 0.658 0.658 
0.500 0.622 0.622 
0.368 0.814 0.814 
0.267 0.792 0.792 
0.817 0.727 0.727 
0.367 0.924 0.924 
0.517 0.613 0.613 
0.650 0.867 0.867 
0.384 0.588 0.588 
0.718 0.983 0.983 
0.585 1.248 1.248 
0.318 0.012 0.012 
0.834 1.787 1.787 
0.283 0.575 0.575 
0.434 1.142 1.142 
0.400 1.092 1.092 
0.633 0.621 0.621 
0.283 1.311 1.311 
0.534 0.958 0.958 
0.284 1.066 1.066 
0.300 1.006 1.006 
0.834 1.652 1.652 
0.435 0.831 0.831 
0.685 1.189 1.189 
0.967 1.277 1.277 
0.551 0.893 0.893 
0.767 1.104 1.104 
0.817 0.690 0.690 
0.551 1.483 1.483 
0.734 0.587 0.587 
0.283 0.502 0.502 
0.952 0.443 0.443 
0.350 0.744 0.744 
0.417 0.973 0.973 
0.834 0.803 0.803 
0.600 0.601 0.601 
0.818 0.665 0.665 
0.518 0.590 0.590 
0.417 1.446 1.446 
0.234 0.873 0.873 
0.735 0.848 0.848 
0.551 0.604 0.604 
0.567 0.528 0.528 
0.685 0.578 0.578 
0.250 0.695 0.695 
0.451 0.903 0.903 
0.817 1.019 1.019 
0.767 0.763 0.763 
0.300 1.058 1.058 
0.300 0.966 0.966 
0.284 0.975 0.975 
0.216 1.232 1.232 
0.534 0.743 0.743 
0.734 0.807 0.807 
0.784 1.146 1.146 
0.633 0.731 0.731 
0.283 3.991 3.991 
0.717 0.921 0.921 
0.301 0.684 0.684 
0.317 0.972 0.972 
0.283 0.868 0.868 
0.317 1.400 1.400 
0.334 1.383 1.383 
0.367 1.138 1.138 
0.451 1.163 1.163 
0.451 0.730 0.730 
0.383 1.317 1.317 
0.400 1.219 1.219 
0.918 1.066 1.066 
0.767 2.147 2.147 
0.651 1.410 1.410 
0.351 1.532 1.532 
0.367 0.975 0.975 
0.267 0.661 0.661 
0.935 0.875 0.875 
0.767 0.908 0.908 
0.651 0.935 0.935 
0.451 0.853 0.853 
0.334 0.884 0.884 
0.701 0.543 0.543 
1.001 0.616 0.616 
0.334 0.740 0.740 
0.416 1.667 1.667 
0.518 1.067 1.067 
0.266 1.669 1.669 
0.751 1.201 1.201 
0.517 0.803 0.803 
0.985 0.563 0.563 
0.518 0.614 0.614 
0.701 1.213 1.213 
0.334 1.367 1.367 
0.517 1.597 1.597 
0.334 0.635 0.635 
0.817 0.847 0.847 
0.901 1.184 1.184 
0.484 1.564 1.564 
0.751 1.250 1.250 
0.434 1.200 1.200 
0.634 1.432 1.432 
0.868 0.910 0.910 
0.685 1.391 1.391 
0.467 0.798 0.798 
0.450 0.998 0.998 
0.567 1.442 1.442 
0.534 1.099 1.099 
0.484 1.606 1.606 
0.650 1.430 1.430 
0.801 1.858 1.858 
0.551 1.419 1.419 
0.551 1.115 1.115 
0.301 1.018 1.018 
0.218 0.848 0.848 
0.434 1.256 1.256 
0.450 1.281 1.281 
0.734 0.516 0.516 
0.968 0.886 0.886 
0.950 0.515 0.515 
0.568 1.407 1.407 
0.401 1.393 1.393 
0.818 1.273 1.273 
0.817 0.501 0.501 
0.801 0.431 0.431 
0.801 0.554 0.554 
0.284 1.254 1.254 
0.751 1.158 1.158 
0.568 1.196 1.196 
0.366 0.912 0.912 
0.284 0.467 0.467 
0.868 0.777 0.777 
0.350 0.961 0.961 
0.334 1.357 1.357 
0.735 0.550 0.550 
0.918 0.922 0.922 
0.617 1.175 1.175 
0.767 0.814 0.814 
0.334 1.026 1.026 
0.968 1.139 1.139 
0.633 0.888 0.888 
0.751 1.114 1.114 
<><><><><><><><> 
Response (Std deviation):  1.73 
RT (mean):  1.00 
Consistency:  0.45 
<><><><><><><><> 
End: 11-Mar-2014 15:07:03 
