<><><><><><><><> 
Begin: 29-Sep-2014 10:30:36 
Matlab version  8.2.0.701 (R2013b) 
Psychtoolbox version  3.0.11 
Subjid: s26 Run Number: 2 
<><><><><><><><> 
Columns info in data file: 
1. left indvd 2. # right indvd  
3. response (left - 1 :: right - 2) 4. RT  
<><><><><><><><> 
Columns info in (this) info file: 
1. Stimulus start time (from trial start) 2. Stimulus off-time(from stimulus start time) 
3. RT or max response duration, if no response (from stimulus start time) 
 
1.001 2.493 2.493 
0.534 1.751 1.751 
0.568 2.271 2.271 
0.251 1.750 1.750 
0.568 0.979 0.979 
0.450 1.989 1.989 
0.250 1.240 1.240 
0.317 1.327 1.327 
0.418 1.503 1.503 
0.584 1.250 1.250 
0.584 1.174 1.174 
0.267 1.871 1.871 
0.584 2.717 2.717 
0.584 1.750 1.750 
0.400 3.238 3.238 
0.517 2.511 2.511 
0.267 1.403 1.403 
0.367 2.836 2.836 
0.567 1.707 1.707 
0.517 1.381 1.381 
0.584 2.163 2.163 
0.467 1.315 1.315 
0.217 1.999 1.999 
0.550 1.618 1.618 
0.568 2.141 2.141 
0.467 1.750 1.750 
0.501 1.578 1.578 
0.501 1.685 1.685 
0.367 2.303 2.303 
0.467 2.155 2.155 
0.266 2.097 2.097 
0.484 1.446 1.446 
0.217 1.206 1.206 
0.317 2.064 2.064 
0.216 1.262 1.262 
0.249 1.499 1.499 
0.534 2.706 2.706 
0.484 1.435 1.435 
0.334 1.414 1.414 
0.584 1.218 1.218 
0.217 1.631 1.631 
0.383 1.446 1.446 
0.351 1.608 1.608 
0.517 1.781 1.781 
0.517 1.619 1.619 
0.283 2.572 2.572 
0.401 3.262 3.262 
0.383 1.170 1.170 
0.467 1.565 1.565 
0.483 2.056 2.056 
0.500 1.587 1.587 
0.317 2.210 2.210 
0.467 1.029 1.029 
0.468 1.511 1.511 
0.267 3.369 3.369 
0.251 1.478 1.478 
0.400 2.616 2.616 
0.584 2.113 2.113 
0.334 2.649 2.649 
0.435 2.409 2.409 
0.300 2.113 2.113 
0.500 1.203 1.203 
0.300 1.532 1.532 
0.401 1.948 1.948 
0.484 1.958 1.958 
0.567 2.452 2.452 
0.585 1.937 1.937 
0.418 0.832 0.832 
0.251 3.164 3.164 
0.267 1.226 1.226 
0.300 1.740 1.740 
0.534 1.619 1.619 
0.300 1.499 1.499 
0.534 1.149 1.149 
0.301 1.980 1.980 
0.567 3.249 3.249 
0.350 2.178 2.178 
0.285 1.456 1.456 
0.301 3.764 3.764 
0.451 1.357 1.357 
0.399 1.422 1.422 
0.350 1.444 1.444 
0.533 0.974 0.974 
0.434 2.168 2.168 
0.417 0.963 0.963 
0.567 1.576 1.576 
0.317 1.094 1.094 
0.500 1.411 1.411 
0.501 1.466 1.466 
0.350 1.259 1.259 
0.434 2.374 2.374 
0.234 2.429 2.429 
0.217 1.324 1.324 
0.418 1.730 1.730 
0.517 2.057 2.057 
0.583 2.987 2.987 
0.251 2.157 2.157 
0.433 1.227 1.227 
0.384 2.813 2.813 
0.200 1.587 1.587 
0.334 2.484 2.484 
0.267 2.495 2.495 
0.517 2.932 2.932 
0.333 1.302 1.302 
0.418 2.200 2.200 
0.266 1.553 1.553 
0.450 1.335 1.335 
0.301 3.395 3.395 
0.467 1.916 1.916 
0.484 2.058 2.058 
0.500 3.217 3.217 
0.383 1.390 1.390 
0.233 1.642 1.642 
0.300 1.205 1.205 
0.567 2.004 2.004 
0.267 2.309 2.309 
0.533 1.379 1.379 
0.417 1.466 1.466 
0.601 2.069 2.069 
0.233 2.637 2.637 
0.384 3.032 3.032 
0.250 1.817 1.817 
0.585 1.248 1.248 
0.201 1.663 1.663 
0.517 1.455 1.455 
0.533 1.412 1.412 
0.551 2.090 2.090 
0.234 1.313 1.313 
0.367 3.993 5.985 
0.300 0.995 0.995 
0.517 1.062 1.062 
0.367 2.309 2.309 
0.566 0.821 0.821 
0.283 1.488 1.488 
0.316 1.773 1.773 
0.266 1.630 1.630 
0.250 1.794 1.794 
0.551 3.043 3.043 
0.434 1.270 1.270 
0.417 2.603 2.603 
0.267 1.149 1.149 
0.550 1.061 1.061 
0.450 1.565 1.565 
0.350 1.128 1.128 
0.401 1.542 1.542 
0.367 1.433 1.433 
0.234 1.225 1.225 
0.300 3.316 3.316 
0.250 1.369 1.369 
0.284 1.138 1.138 
0.300 1.018 1.018 
0.368 0.953 0.953 
0.216 1.357 1.357 
0.567 3.995 5.996 
0.584 1.193 1.193 
0.400 1.181 1.181 
0.400 1.914 1.914 
0.334 1.280 1.280 
0.567 1.126 1.126 
0.350 0.941 0.941 
0.251 1.555 1.555 
0.517 1.445 1.445 
0.351 1.270 1.270 
0.300 1.554 1.554 
0.368 1.050 1.050 
0.234 1.041 1.041 
0.250 2.146 2.146 
0.584 1.029 1.029 
0.584 1.641 1.641 
0.434 1.838 1.838 
0.234 1.182 1.182 
0.300 1.236 1.236 
0.350 1.018 1.018 
0.534 1.039 1.039 
0.216 1.160 1.160 
0.217 1.818 1.818 
0.267 1.368 1.368 
0.467 1.390 1.390 
0.501 1.160 1.160 
0.467 1.170 1.170 
0.385 1.564 1.564 
0.418 1.772 1.772 
0.316 1.434 1.434 
0.501 2.626 2.626 
0.284 1.062 1.062 
0.483 1.411 1.411 
0.283 1.225 1.225 
0.350 1.061 1.061 
0.451 1.336 1.336 
0.517 1.357 1.357 
0.234 1.849 1.849 
0.567 1.183 1.183 
0.517 2.177 2.177 
0.401 1.992 1.992 
0.384 2.277 2.277 
0.384 0.854 0.854 
0.317 1.194 1.194 
0.400 1.182 1.182 
0.400 1.849 1.849 
0.533 1.369 1.369 
0.518 1.511 1.511 
0.467 1.137 1.137 
0.351 1.150 1.150 
0.534 1.336 1.336 
0.417 1.169 1.169 
0.350 1.489 1.489 
0.584 2.484 2.484 
0.550 2.089 2.089 
0.417 1.424 1.424 
0.452 2.112 2.112 
0.434 1.630 1.630 
0.283 3.512 3.512 
0.317 1.950 1.950 
0.385 2.299 2.299 
0.300 1.325 1.325 
0.534 1.062 1.062 
0.284 1.981 1.981 
0.300 0.920 0.920 
0.284 0.908 0.908 
0.300 1.619 1.619 
0.384 1.335 1.335 
0.334 2.036 2.036 
0.568 1.368 1.368 
0.368 1.171 1.171 
0.283 1.368 1.368 
0.568 1.128 1.128 
0.600 1.543 1.543 
0.383 1.763 1.763 
0.250 2.145 2.145 
0.300 1.838 1.838 
0.367 3.152 3.152 
0.434 1.105 1.105 
0.300 0.974 0.974 
0.450 1.915 1.915 
0.484 1.937 1.937 
0.283 2.046 2.046 
0.250 1.303 1.303 
0.317 1.367 1.367 
0.335 1.411 1.411 
0.367 1.390 1.390 
0.400 1.247 1.247 
0.233 1.214 1.214 
0.301 1.894 1.894 
0.517 1.368 1.368 
0.217 2.069 2.069 
0.568 2.429 2.429 
0.501 1.707 1.707 
0.400 2.244 2.244 
0.434 1.893 1.893 
0.300 1.554 1.554 
0.383 2.342 2.342 
0.585 2.736 2.736 
0.417 1.477 1.477 
0.417 1.969 1.969 
0.300 1.588 1.588 
0.399 3.808 3.808 
0.450 1.238 1.238 
0.468 1.740 1.740 
0.367 1.303 1.303 
0.351 2.615 2.615 
0.601 1.203 1.203 
0.216 1.193 1.193 
0.550 1.729 1.729 
0.567 1.193 1.193 
0.517 1.105 1.105 
0.234 2.912 2.912 
0.301 1.554 1.554 
0.333 1.324 1.324 
0.468 1.051 1.051 
0.251 2.386 2.386 
0.484 1.849 1.849 
0.250 1.674 1.674 
0.467 1.488 1.488 
0.400 2.333 2.333 
0.517 1.477 1.477 
0.484 1.961 1.961 
0.567 1.357 1.357 
0.567 1.587 1.587 
0.333 2.102 2.102 
0.485 3.545 3.545 
0.285 1.762 1.762 
0.217 3.316 3.316 
0.501 1.697 1.697 
0.400 2.538 2.538 
0.400 1.084 1.084 
0.568 1.226 1.226 
0.450 1.684 1.684 
0.451 2.287 2.287 
0.551 1.478 1.478 
0.517 0.997 0.997 
0.434 0.930 0.930 
0.268 1.838 1.838 
0.299 2.255 2.255 
0.551 1.192 1.192 
0.216 1.247 1.247 
<><><><><><><><> 
RT (mean):  1.73 
Consistency:  0.19 
Self Consistency:  0.69 
<><><><><><><><> 
End: 29-Sep-2014 10:41:22 
