10,39,1,3.4084
54,20,1,1.7156
11,6,2,2.0103
45,27,1,1.9457
54,49,1,1.9334
60,35,1,2.0432
39,44,2,1.2897
12,8,2,0.92888
51,54,2,1.0163
56,43,1,0.8749
11,55,2,4.7045
15,25,1,4.5402
34,9,2,1.4973
45,4,2,4.1464
50,20,1,2.2862
34,22,1,1.235
29,37,2,1.7706
41,30,2,1.9466
14,24,1,2.0869
11,48,2,1.9567
33,8,2,1.5416
10,26,1,1.5194
20,29,1,1.1918
9,8,2,0.83081
30,23,1,4.2449
17,54,2,1.1149
9,10,2,2.2304
44,34,1,1.1366
1,8,2,1.0824
51,55,1,3.3325
50,9,1,1.6506
58,12,1,4.1793
59,52,1,1.2345
44,2,1,1.4102
9,24,1,1.2571
36,20,1,3.103
40,31,2,2.3278
11,24,2,3.9025
39,27,1,3.5729
4,1,2,2.5888
59,38,1,1.4867
7,58,1,2.744
57,12,1,2.1529
53,54,2,1.3224
20,30,2,2.2956
50,58,1,1.6073
53,38,1,2.3929
60,20,1,2.1643
15,31,1,1.5415
45,43,1,1.3336
54,31,1,0.86334
34,58,2,2.0112
15,46,1,5.4359
34,10,2,0.93988
33,18,2,1.552
19,43,1,3.5187
58,30,1,1.8576
46,18,2,2.5563
31,52,2,1.5416
46,44,2,2.109
9,1,2,1.0065
6,18,2,1.0599
57,30,1,1.1688
33,48,2,1.1472
25,31,1,3.0822
49,15,2,4.2556
45,53,1,3.0605
24,23,2,3.0604
5,53,2,2.5789
27,25,1,4.5513
1,24,1,1.366
49,28,2,2.2842
35,36,1,3.8581
31,10,2,1.0817
17,45,2,0.97306
58,16,1,1.3224
22,25,2,3.1046
41,38,2,1.4643
59,17,1,1.3442
56,36,1,0.77662
4,6,1,2.8198
29,39,2,2.7537
5,11,1,3.0057
4,29,1,0.79785
50,47,1,3.6397
28,39,2,0.92917
16,48,2,3.5391
33,15,2,1.4419
14,8,2,1.2235
1,40,1,1.2902
32,15,2,1.4321
34,21,1,1.4532
60,44,1,3.7484
7,28,1,1.7055
2,18,2,1.0815
19,14,1,2.3707
36,40,2,4.2892
8,26,1,2.0211
59,48,2,2.2736
34,53,2,1.8802
2,23,1,1.8457
19,34,2,1.3337
55,35,2,1.0925
54,47,2,3.1928
18,9,1,1.3658
41,44,2,1.5519
37,18,2,1.2788
51,45,1,2.1402
34,24,1,2.8969
16,50,2,2.5467
21,23,2,1.6719
30,44,2,1.3873
11,36,2,2.4914
3,15,2,4.7593
13,26,1,4.3436
18,58,2,2.1529
20,10,2,2.6553
27,12,2,4.6056
9,52,2,3.9128
2,12,2,1.8798
21,42,2,4.2219
32,20,2,1.4533
40,4,2,0.97248
14,56,2,1.5215
8,3,1,1.672
16,40,2,3.7804
37,31,2,5.0541
23,45,2,2.2619
37,11,1,2.0331
30,46,2,3.103
12,43,1,1.1799
16,53,2,1.9886
50,44,1,3.0483
33,30,2,1.2895
54,42,1,2.4156
59,46,2,2.0749
55,44,2,2.1537
3,24,1,5.2286
53,19,1,1.9027
16,10,2,2.1648
25,39,2,0.90684
29,49,2,2.6451
47,23,1,1.3335
31,32,1,3.0707
44,56,2,2.1314
39,58,1,1.9564
43,2,2,2.2294
29,45,2,2.0335
43,22,1,2.3599
37,38,2,4.3653
43,53,2,1.2896
56,25,1,1.5074
39,51,1,1.4528
9,60,2,1.672
24,29,2,4.8348
59,53,1,3.4649
30,36,2,4.1688
31,21,2,4.2774
44,13,2,3.2778
26,59,2,2.7757
32,45,2,2.1311
48,6,1,1.4421
17,15,2,2.3162
55,25,1,1.3879
30,45,2,1.2998
29,55,2,2.4817
32,33,2,1.0607
2,39,2,1.256
29,56,2,1.0825
9,46,2,2.0202
59,36,1,0.9721
3,19,2,2.688
4,56,2,1.3435
12,18,2,2.0539
24,27,2,3.8994
38,58,2,3.8894
27,46,2,1.737
9,42,1,3.3759
12,3,2,2.8839
21,45,2,2.4362
50,49,2,1.7691
6,17,1,4.3107
55,32,1,1.0272
2,5,2,4.4297
45,9,2,3.2776
34,27,1,2.5453
3,57,2,2.3496
8,27,1,1.4203
19,37,1,1.9778
38,16,2,2.0324
24,6,2,3.7593
35,43,1,3.0381
48,52,1,3.3325
1,33,1,3.2334
50,51,1,1.7157
16,8,2,1.4865
59,7,2,1.2778
1,2,1,0.98361
52,33,2,1.7491
31,41,2,2.426
36,15,2,1.704
22,9,2,1.8124
11,33,2,1.6622
55,3,1,3.9368
51,52,1,4.3427
35,47,2,0.78713
21,11,1,1.4095
24,20,2,1.3766
58,10,2,3.0488
42,56,2,0.79792
33,4,2,0.92953
27,16,1,1.2561
18,10,1,2.2288
5,30,2,4.1352
60,26,1,1.5085
49,1,1,2.7097
43,24,2,2.2295
53,50,2,1.1146
9,12,1,1.9452
35,38,1,1.2233
58,14,1,4.5069
5,18,2,1.0819
59,24,1,1.3435
25,2,2,0.8303
3,52,2,4.2123
19,12,2,2.0095
42,28,2,2.2192
21,3,2,1.5952
30,14,2,0.97259
35,15,2,2.3594
29,42,2,2.1857
28,12,2,3.6385
51,33,1,4.3657
30,10,2,1.4746
39,26,1,1.6605
51,29,1,1.0822
40,48,2,1.0708
8,39,1,2.8721
41,26,1,2.786
40,46,2,4.1027
29,47,2,0.79796
60,30,2,2.798
39,18,2,4.3975
27,2,1,2.2852
13,43,2,0.97342
41,42,2,0.9623
29,44,2,0.76501
13,42,1,2.4718
1,16,1,1.4537
30,35,2,1.1042
55,7,2,1.5633
27,5,1,4.4197
47,36,1,2.0537
3,18,2,2.8966
12,1,2,1.6601
32,49,2,4.1899
60,29,1,1.1358
17,46,2,1.6173
13,59,1,4.0262
32,24,1,4.3435
52,35,2,3.5194
20,41,1,2.1414
10,2,1,1.7056
17,55,2,1.3988
36,46,2,1.6393
59,20,1,0.91848
60,46,1,2.2612
44,45,2,2.4161
59,3,1,1.5955
29,48,2,1.1043
20,23,2,3.4508
35,2,1,1.5631
24,55,2,1.8357
60,23,1,1.279
13,19,1,4.3979
57,22,1,1.5193
9,21,1,3.0687
48,4,2,1.0931
44,38,1,1.4203
30,26,1,1.9125
45,47,1,4.3217
48,10,2,1.8577
37,46,2,0.92841
33,50,2,1.1147
21,18,2,1.2675
26,48,2,2.0648
10,14,1,3.5082
7,35,1,1.5639
4,17,1,1.0921
1,38,1,1.759
40,59,2,2.9061
39,9,1,1.7488
28,38,2,3.7252
35,56,2,1.8037
34,51,2,3.7914
