60,36,1,2.3269
18,8,2,0.99564
42,19,2,2.384
10,43,1,1.072
19,38,1,0.91852
7,2,1,1.0076
60,34,1,1.6071
23,17,1,1.4562
58,20,1,2.854
14,21,2,1.0389
34,57,2,0.95158
48,45,1,2.4598
37,22,1,2.308
18,28,1,1.8155
48,54,2,2.4398
49,41,1,1.3245
31,13,2,3.1399
50,2,1,3.0956
18,52,1,2.2536
48,51,2,4.728
6,32,1,1.8159
56,45,1,1.8813
24,5,2,2.9758
1,34,1,1.7279
31,59,2,1.3339
53,48,2,1.3018
36,12,2,1.5419
30,56,2,0.98412
41,59,2,0.95232
50,1,2,1.8928
35,16,1,4.1634
60,19,1,1.1164
1,54,2,2.09
38,57,2,1.4553
51,3,2,1.2026
54,55,1,1.7825
35,53,2,2.7999
8,13,1,1.094
16,17,2,2.2417
48,19,1,1.0504
26,2,2,3.4985
37,42,1,2.4715
55,48,2,2.5693
32,14,2,1.1264
37,50,2,1.7276
30,6,2,2.4841
3,5,1,1.3997
2,13,2,1.9595
60,12,1,1.4766
54,9,1,2.1666
55,38,1,1.8275
27,18,2,1.2689
44,22,1,1.3452
21,16,1,3.3682
53,42,1,1.5635
3,7,2,2.6372
51,1,1,1.969
9,55,2,0.87496
8,2,1,1.3676
12,45,2,0.71103
3,36,1,1.4215
25,40,2,0.93006
10,59,1,2.2542
58,45,2,1.1816
21,28,1,4.7593
30,27,1,1.9252
47,28,1,1.3895
9,53,1,3.51
5,38,2,1.6083
31,12,2,2.2854
4,14,1,1.8482
11,49,2,1.6085
30,28,2,1.9906
55,2,1,3.0298
49,51,2,2.0569
1,58,1,2.1013
37,32,1,3.6206
39,49,2,2.3622
42,57,2,1.0935
30,9,2,0.79807
13,24,1,2.3854
45,18,2,3.2926
39,24,1,1.5094
17,37,2,1.4757
11,44,2,1.8268
23,25,1,1.8053
6,43,1,1.1818
35,58,2,0.94082
59,50,2,1.2475
6,57,2,1.1483
49,20,1,2.8446
10,38,1,1.3013
46,56,2,1.0833
9,37,1,1.4768
10,53,1,1.7185
22,55,2,0.79881
24,48,2,0.90816
35,27,2,5.2837
29,3,2,1.2801
41,45,2,1.1591
38,27,1,1.4446
43,54,2,0.95131
47,9,1,1.7067
51,46,1,2.8882
43,50,2,2.2636
51,56,2,1.1599
53,24,1,2.5485
12,35,2,1.7946
37,4,2,0.92935
5,58,2,1.3131
6,19,2,1.0283
23,42,1,3.37
40,6,2,3.2247
16,49,2,1.3557
20,35,2,1.6188
60,13,1,1.324
36,18,2,1.0831
7,57,1,1.772
50,15,1,5.526
12,56,2,1.04
22,52,2,1.7717
31,27,2,1.455
25,24,1,3.8506
7,56,1,1.8387
10,25,1,1.3558
50,55,1,1.4657
27,7,2,0.8203
14,57,2,2.0021
36,34,2,4.9017
19,1,2,1.1263
27,37,2,2.0785
52,12,1,1.3569
27,11,1,1.2573
35,59,2,2.7682
6,13,2,2.2961
28,60,2,1.1816
12,33,2,1.3564
7,31,1,1.7718
13,22,1,1.4226
52,34,1,3.1282
17,47,2,2.5925
35,31,2,3.0957
53,18,2,0.98465
7,46,1,1.6518
49,37,1,1.2475
10,13,1,0.64543
2,33,2,1.4547
27,28,1,2.3086
32,30,2,1.2151
10,45,2,2.1017
21,22,1,1.3892
47,30,2,1.1485
33,40,1,1.4882
57,21,1,1.3673
45,13,1,1.2368
48,1,1,1.411
53,25,2,1.0502
18,48,1,1.4004
52,45,2,1.3231
10,5,1,1.3016
45,42,1,0.72179
59,44,2,2.8777
6,45,2,0.99493
10,8,2,1.1164
31,4,2,0.88683
5,33,2,0.97338
57,40,1,1.3666
8,41,1,0.97334
54,33,1,4.2889
37,25,1,2.2316
57,2,1,1.4111
54,21,1,2.2531
4,12,1,1.193
27,60,2,0.93033
26,38,1,2.9203
37,14,2,2.7127
43,33,2,0.92918
45,50,1,3.5887
51,5,1,1.6292
32,11,1,3.0947
40,10,2,1.4217
19,49,1,1.4338
23,28,1,4.3546
41,33,2,0.86463
1,22,1,2.8321
29,10,2,1.0821
24,8,2,1.6402
15,54,1,2.6373
49,46,2,1.356
36,45,2,0.9408
20,11,1,1.4549
50,42,1,1.8817
34,4,2,0.9615
40,50,2,1.4665
29,43,2,1.0179
55,10,2,2.6026
59,56,2,1.6738
4,30,2,4.3604
10,41,1,2.6029
54,30,2,2.2312
53,6,2,1.5309
51,43,1,1.6296
28,1,2,1.8709
39,20,1,1.7498
12,50,2,1.1377
56,18,2,0.86427
44,53,1,2.2754
9,32,1,1.6082
25,8,2,0.84263
41,22,2,2.4184
27,50,2,1.8808
39,47,2,1.4328
12,38,2,1.7715
15,53,1,2.2202
36,55,2,3.1929
10,23,1,4.2729
35,46,2,0.9084
59,19,1,1.6625
41,46,2,1.5311
21,59,2,1.8925
23,37,1,2.2533
16,7,2,0.80966
23,4,2,1.0727
60,38,1,2.1435
19,28,1,2.7894
35,45,2,1.892
60,1,1,1.5969
3,37,1,1.7603
60,52,1,1.1265
56,6,1,1.3781
23,36,1,2.4828
15,14,1,2.4057
25,19,2,2.0009
2,51,2,1.8269
48,46,2,1.2916
19,15,2,1.3134
52,50,2,1.8712
54,11,1,1.0384
44,42,1,1.4758
38,36,2,4.141
16,12,2,1.9469
21,49,2,1.7498
5,55,2,1.1711
24,33,2,1.1701
48,22,1,1.2906
58,23,1,2.4054
42,32,1,1.6391
52,16,2,2.6919
4,36,1,1.1267
3,45,2,2.943
24,50,2,0.95288
57,5,1,1.2255
37,41,1,3.271
17,7,2,1.7181
34,37,2,3.4774
59,30,2,2.1787
55,56,1,1.8266
18,34,1,1.3021
9,26,1,1.0504
12,44,2,0.97376
16,24,1,2.5046
8,57,1,1.8149
28,48,2,1.7941
30,7,2,0.79869
52,38,1,1.6077
55,19,1,2.6352
14,28,2,2.6807
56,3,1,1.2245
25,4,2,0.84213
27,55,2,2.4724
33,28,1,2.6912
26,49,2,1.8267
6,5,1,2.9316
23,57,2,1.082
38,20,2,1.7947
44,37,1,3.1162
13,9,2,1.8819
6,27,1,3.3125
56,37,1,1.5099
1,41,1,1.6852
24,26,1,3.6975
9,44,2,0.92976
11,17,2,3.314
13,52,1,4.5629
51,25,1,1.7831
16,56,2,0.68975
39,32,1,1.3682
49,2,1,2.3188
29,40,2,1.4769
41,13,2,0.7983
38,51,2,1.2905
22,17,2,1.5746
38,50,2,1.8595
42,11,1,1.4549
47,46,1,3.8524
