67,89,1,1.2343
92,76,2,1.1467
102,90,1,0.99381
84,79,2,1.7695
114,66,2,2.2514
83,76,2,1.6725
73,95,1,1.3546
93,101,1,2.2939
84,63,1,2.5378
101,62,2,1.6609
98,108,1,1.2556
69,86,1,1.0709
92,75,2,0.88473
65,62,1,1.0596
97,86,2,1.5619
73,120,1,0.65624
89,65,2,0.81965
84,107,2,1.191
73,62,1,0.85238
114,78,2,0.75414
90,66,2,0.82088
114,70,2,0.96165
118,93,2,2.0112
72,94,1,0.93997
81,67,2,1.0811
96,86,2,0.98359
104,79,1,0.74253
114,100,2,2.1196
69,88,1,1.1145
104,82,1,0.96181
65,80,1,0.90738
84,76,2,1.0268
63,101,2,0.010956
79,103,1,2.4373
105,102,2,1.2668
87,69,1,1.6285
91,100,2,0.99415
73,71,2,1.6166
95,84,1,1.3224
76,72,2,2.2933
70,115,1,1.0269
62,100,2,1.2576
101,103,1,1.4532
89,77,2,0.96167
111,72,2,0.95011
95,71,2,0.75364
63,96,1,0.72103
62,68,2,1.0168
76,117,1,0.8851
95,116,1,1.8025
74,90,1,0.99445
120,115,2,0.65598
108,80,1,0.70962
106,73,2,0.77533
81,85,2,1.0709
80,98,1,0.99446
75,89,1,1.0929
84,74,2,1.0488
63,97,1,1.4972
114,87,1,1.6504
118,115,2,1.9583
78,99,1,0.8421
105,119,1,1.0933
91,92,1,1.092
89,64,2,0.83064
88,110,2,1.8358
107,119,1,0.76518
70,111,1,0.82014
73,82,1,0.87399
90,65,2,1.3879
71,97,1,1.2125
113,100,2,1.5185
104,89,1,0.8855
69,64,1,2.9718
116,96,1,1.3229
101,119,1,1.7483
79,118,2,1.0162
64,91,2,0.95046
80,116,2,1.2892
117,63,1,1.3765
91,116,2,1.0819
95,97,1,1.4428
98,75,1,0.68855
97,72,2,0.95112
74,86,1,0.86357
82,72,2,0.96189
113,83,2,1.2457
95,92,1,0.80856
94,61,2,0.87399
119,111,1,1.4411
92,101,1,1.6604
109,94,1,0.92906
112,75,2,0.89588
114,117,2,1.5187
85,113,2,1.5631
75,116,1,0.78667
80,70,2,0.86258
64,85,1,0.76483
81,110,2,1.2017
71,88,1,0.68874
117,90,1,0.57873
96,66,2,0.86338
118,103,2,1.0382
74,94,1,0.89636
106,101,1,0.85246
68,109,2,0.68889
73,118,1,0.9405
70,105,2,0.84148
68,116,1,1.0271
78,74,1,0.66639
73,81,1,0.79754
88,103,2,1.0384
95,114,1,0.85225
72,102,1,0.66706
69,120,1,0.71027
106,79,1,1.2012
118,67,2,0.83096
69,108,1,0.9289
75,101,2,0.77643
93,112,1,0.91785
89,72,2,0.72097
112,68,2,1.0278
109,86,1,1.0495
120,112,2,1.1469
92,83,2,1.1802
74,88,2,2.5564
111,78,2,2.4582
89,112,2,1.3764
67,66,1,2.3281
64,100,2,1.2349
118,88,2,1.0272
81,65,1,0.87454
114,112,1,1.7799
73,61,1,1.423
113,104,2,0.80828
87,115,2,0.85139
81,74,2,0.90602
96,80,1,1.2457
87,78,2,0.80871
74,71,1,1.7482
84,112,1,1.1911
68,85,1,1.006
93,62,2,0.90678
84,99,1,0.87403
116,103,2,0.65624
68,99,1,0.76529
61,104,2,2.8068
112,72,2,2.6445
86,62,1,4.7474
61,117,1,1.0167
64,73,1,1.0613
81,106,1,1.4765
84,94,2,0.95062
81,72,2,1.9018
114,75,1,1.442
85,90,1,1.1802
94,120,1,1.5844
85,93,2,1.3108
108,77,2,1.3226
96,119,2,1.6605
103,89,2,1.7254
64,83,1,1.0706
66,104,2,0.74315
108,81,1,0.81912
65,95,2,1.4856
70,67,2,1.2456
93,94,1,1.0599
116,83,2,0.86293
102,117,2,1.1042
83,82,1,1.4097
117,71,2,0.89533
114,82,1,1.1583
80,67,2,0.7755
101,65,2,1.2335
88,109,2,0.80854
118,119,2,2.0646
120,116,2,1.2131
61,77,2,0.96203
83,103,2,1.2346
61,101,1,1.2229
110,118,1,0.85241
94,87,1,0.81949
83,81,2,1.2343
70,66,1,0.85226
120,68,2,0.8634
67,112,2,1.8144
93,100,1,1.9453
85,109,2,1.1582
113,120,2,1.2351
75,99,1,1.0165
68,101,1,1.4638
107,92,1,1.6943
70,103,1,1.6496
117,75,2,1.2352
91,87,1,1.1689
92,97,1,2.0217
86,80,1,1.049
76,78,1,1.7261
118,108,1,1.3988
63,74,2,1.6924
103,93,1,1.0721
96,76,2,1.1906
120,91,2,1.7693
77,65,1,0.85173
115,114,1,1.4526
76,118,1,1.1364
111,115,2,1.8696
70,116,1,1.2023
78,104,2,1.5086
71,93,2,3.1461
83,75,2,0.88571
93,84,1,0.79805
85,118,1,0.83045
114,79,1,1.2885
118,104,1,0.72113
77,101,1,0.81971
92,102,2,1.8889
104,73,1,0.81913
90,81,2,1.0269
70,89,1,0.89675
114,73,2,0.97338
119,97,1,0.95086
88,75,2,0.98329
108,64,1,1.6607
111,96,1,1.9891
80,104,2,2.1965
83,118,2,1.1364
90,89,2,1.1579
87,104,2,1.1906
73,92,1,0.87415
120,72,2,0.74359
65,83,1,0.95033
96,67,2,1.0052
61,65,2,1.6073
68,88,1,0.87407
105,83,1,0.853
108,73,2,1.0931
79,99,1,3.0153
93,95,1,1.1477
120,100,2,0.68892
89,81,1,0.79844
68,118,1,1.1481
93,78,2,0.68867
72,96,1,0.67724
91,69,2,0.72145
78,97,1,0.75404
107,70,1,1.6281
90,61,2,0.73217
80,118,1,0.93931
66,92,2,2.251
100,67,1,1.1252
102,80,1,0.89609
66,117,1,1.2461
91,114,2,1.1369
61,80,1,0.76543
76,111,1,0.88522
101,107,2,0.78714
76,88,1,1.0053
120,85,1,1.2015
99,64,2,1.1262
109,98,1,1.6938
70,110,1,1.0488
97,90,1,1.049
104,99,1,1.345
61,78,2,1.2455
62,96,1,0.85283
61,98,1,1.2238
109,66,1,0.71026
115,92,1,0.8302
83,73,2,0.97235
109,115,1,1.334
76,106,1,1.0457
65,71,2,1.4465
88,67,1,2.1209
71,77,1,0.62292
101,72,2,1.1813
62,104,1,1.3775
71,86,1,1.005
95,117,2,1.6609
85,111,2,1.3001
97,62,2,0.76511
79,65,2,1.3888
101,104,2,0.95054
80,62,2,1.0051
86,83,2,3.4849
77,114,2,1.9886
99,103,2,1.5078
100,107,1,0.88487
65,111,1,1.1363
74,89,1,0.90721
67,116,2,1.8033
77,107,2,1.2237
71,103,1,1.3877
120,81,1,1.2459
110,102,2,0.92902
