<><><><><><><><> 
Begin: 25-Nov-2014 14:28:21 
Matlab version  8.2.0.701 (R2013b) 
Psychtoolbox version  3.0.11 
Subjid: s62 Run Number: 1 
<><><><><><><><> 
Columns info in data file: 
1. left indvd 2. # right indvd  
3. response (left - 1 :: right - 2) 4. RT  
<><><><><><><><> 
Columns info in (this) info file: 
1. Stimulus start time (from trial start) 2. Stimulus off-time(from stimulus start time) 
3. RT or max response duration, if no response (from stimulus start time) 
 
1.004 2.667 2.667 
0.532 1.453 1.453 
0.567 1.191 1.191 
0.250 1.464 1.464 
0.567 1.148 1.148 
0.450 1.737 1.737 
0.249 1.837 1.837 
0.317 1.301 1.301 
0.417 1.456 1.456 
0.584 2.220 2.220 
0.583 2.066 2.066 
0.267 3.017 3.017 
0.583 4.002 4.038 
0.584 1.563 1.563 
0.400 3.751 3.751 
0.517 3.674 3.674 
0.267 3.346 3.346 
0.367 4.002 5.995 
0.567 1.957 1.957 
0.517 1.553 1.553 
0.583 2.307 2.307 
0.467 1.760 1.760 
0.217 2.373 2.373 
0.534 3.027 3.027 
0.584 1.618 1.618 
0.466 1.990 1.990 
0.501 3.553 3.553 
0.499 2.143 2.143 
0.366 1.214 1.214 
0.468 3.564 3.564 
0.267 1.957 1.957 
0.484 4.001 5.995 
0.217 2.121 2.121 
0.317 3.531 3.531 
0.217 1.694 1.694 
0.249 2.361 2.361 
0.534 2.941 2.941 
0.484 2.678 2.678 
0.333 1.858 1.858 
0.583 3.640 3.640 
0.217 2.339 2.339 
0.384 3.913 3.913 
0.351 2.667 2.667 
0.501 1.169 1.169 
0.516 1.017 1.017 
0.283 1.650 1.650 
0.400 2.230 2.230 
0.384 3.990 5.995 
0.467 2.592 2.592 
0.484 1.399 1.399 
0.501 1.203 1.203 
0.317 2.240 2.240 
0.467 2.339 2.339 
0.467 0.897 0.897 
0.267 1.027 1.027 
0.250 1.717 1.717 
0.400 1.891 1.891 
0.584 2.592 2.592 
0.333 1.717 1.717 
0.433 0.984 0.984 
0.284 1.465 1.465 
0.501 1.883 1.883 
0.300 3.139 3.139 
0.400 1.639 1.639 
0.483 0.821 0.821 
0.567 0.940 0.940 
0.583 1.476 1.476 
0.417 1.224 1.224 
0.250 0.995 0.995 
0.267 2.076 2.076 
0.300 1.301 1.301 
0.534 0.907 0.907 
0.300 1.105 1.105 
0.533 0.930 0.930 
0.300 1.377 1.377 
0.568 1.170 1.170 
0.350 3.149 3.149 
0.285 1.213 1.213 
0.299 2.164 2.164 
0.449 1.717 1.717 
0.384 2.438 2.438 
0.350 1.782 1.782 
0.534 1.487 1.487 
0.434 2.470 2.470 
0.417 0.896 0.896 
0.568 1.170 1.170 
0.317 2.667 2.667 
0.501 1.323 1.323 
0.501 3.137 3.137 
0.350 2.570 2.570 
0.434 0.983 0.983 
0.234 0.996 0.996 
0.217 1.651 1.651 
0.417 2.437 2.437 
0.516 1.455 1.455 
0.584 2.941 2.941 
0.250 2.021 2.021 
0.434 3.991 5.994 
0.384 0.985 0.985 
0.200 1.203 1.203 
0.334 0.864 0.864 
0.266 1.400 1.400 
0.517 1.181 1.181 
0.334 1.072 1.072 
0.417 1.421 1.421 
0.267 1.050 1.050 
0.450 1.017 1.017 
0.301 1.835 1.835 
0.467 1.279 1.279 
0.484 1.389 1.389 
0.501 1.532 1.532 
0.384 1.191 1.191 
0.233 1.433 1.433 
0.299 1.608 1.608 
0.567 1.082 1.082 
0.268 0.930 0.930 
0.534 2.690 2.690 
0.417 2.154 2.154 
0.601 2.199 2.199 
0.234 2.580 2.580 
0.383 1.235 1.235 
0.250 1.093 1.093 
0.585 1.203 1.203 
0.199 1.148 1.148 
0.517 3.071 3.071 
0.534 1.958 1.958 
0.551 1.454 1.454 
0.233 0.710 0.710 
0.367 0.974 0.974 
0.300 1.694 1.694 
0.517 1.520 1.520 
0.384 1.968 1.968 
0.567 2.297 2.297 
0.267 0.919 0.919 
0.301 1.433 1.433 
0.267 2.001 2.001 
0.250 1.628 1.628 
0.551 3.991 5.994 
0.434 1.858 1.858 
0.417 1.378 1.378 
0.267 1.039 1.039 
0.551 0.940 0.940 
0.451 1.640 1.640 
0.350 1.061 1.061 
0.417 1.017 1.017 
0.367 1.104 1.104 
0.234 1.497 1.497 
0.299 0.907 0.907 
0.250 0.754 0.754 
0.284 1.279 1.279 
0.300 2.492 2.492 
0.367 0.765 0.765 
0.217 0.918 0.918 
0.567 0.864 0.864 
0.584 0.896 0.896 
0.400 1.071 1.071 
0.401 0.929 0.929 
0.333 1.390 1.390 
0.566 1.126 1.126 
0.350 0.810 0.810 
0.250 1.093 1.093 
0.517 0.962 0.962 
0.350 0.809 0.809 
0.300 1.749 1.749 
0.367 2.656 2.656 
0.234 2.822 2.822 
0.249 2.820 2.820 
0.584 2.120 2.120 
0.583 2.820 2.820 
0.434 3.334 3.334 
0.234 2.744 2.744 
0.300 1.312 1.312 
0.349 1.652 1.652 
0.533 1.093 1.093 
0.201 1.148 1.148 
0.217 2.865 2.865 
0.266 1.137 1.137 
0.467 1.115 1.115 
0.501 2.142 2.142 
0.467 1.957 1.957 
0.384 1.421 1.421 
0.417 1.039 1.039 
0.317 1.104 1.104 
0.502 1.815 1.815 
0.283 3.193 3.193 
0.484 1.915 1.915 
0.283 1.695 1.695 
0.349 1.357 1.357 
0.451 0.809 0.809 
0.518 1.902 1.902 
0.234 1.246 1.246 
0.567 1.597 1.597 
0.516 2.208 2.208 
0.399 2.712 2.712 
0.384 1.541 1.541 
0.384 1.541 1.541 
0.334 1.770 1.770 
0.400 1.445 1.445 
0.400 1.224 1.224 
0.534 2.252 2.252 
0.517 1.411 1.411 
0.467 1.421 1.421 
0.350 2.973 2.973 
0.534 1.192 1.192 
0.418 3.598 3.598 
0.350 2.809 2.809 
0.584 3.073 3.073 
0.552 1.159 1.159 
0.417 2.656 2.656 
0.450 3.771 3.771 
0.434 2.361 2.361 
0.284 1.224 1.224 
0.316 1.553 1.553 
0.384 2.764 2.764 
0.300 1.968 1.968 
0.534 3.532 3.532 
0.283 1.225 1.225 
0.300 1.257 1.257 
0.266 1.006 1.006 
0.300 1.159 1.159 
0.384 0.995 0.995 
0.334 0.852 0.852 
0.567 1.519 1.519 
0.367 1.946 1.946 
0.283 1.202 1.202 
0.566 1.761 1.761 
0.601 1.028 1.028 
0.384 1.006 1.006 
0.250 1.027 1.027 
0.300 2.339 2.339 
0.367 2.580 2.580 
0.434 3.498 3.498 
0.300 1.618 1.618 
0.451 1.782 1.782 
0.484 3.224 3.224 
0.284 3.182 3.182 
0.249 1.344 1.344 
0.317 1.760 1.760 
0.334 1.443 1.443 
0.367 2.043 2.043 
0.401 1.509 1.509 
0.234 0.952 0.952 
0.301 3.301 3.301 
0.517 2.098 2.098 
0.217 3.465 3.465 
0.567 1.181 1.181 
0.499 2.481 2.481 
0.400 2.635 2.635 
0.434 1.542 1.542 
0.300 2.471 2.471 
0.385 2.897 2.897 
0.584 1.924 1.924 
0.417 2.186 2.186 
0.417 2.253 2.253 
0.300 2.263 2.263 
0.400 3.991 4.212 
0.449 1.246 1.246 
0.466 0.918 0.918 
0.367 1.148 1.148 
0.350 0.907 0.907 
0.601 1.367 1.367 
0.217 0.930 0.930 
0.551 1.224 1.224 
0.568 0.777 0.777 
0.517 1.431 1.431 
0.233 1.827 1.827 
0.300 2.121 2.121 
0.334 1.235 1.235 
0.467 1.071 1.071 
0.250 1.750 1.750 
0.484 1.345 1.345 
0.250 1.377 1.377 
0.467 3.017 3.017 
0.401 1.191 1.191 
0.517 3.433 3.433 
0.484 2.460 2.460 
0.567 1.366 1.366 
0.567 1.749 1.749 
0.334 1.115 1.115 
0.483 1.510 1.510 
0.284 0.929 0.929 
0.217 0.941 0.941 
0.500 0.885 0.885 
0.400 0.635 0.635 
0.399 0.908 0.908 
0.567 1.716 1.716 
0.451 0.820 0.820 
0.450 1.978 1.978 
0.551 1.181 1.181 
0.517 1.641 1.641 
0.434 0.962 0.962 
0.283 1.092 1.092 
0.299 1.279 1.279 
0.551 1.978 1.978 
0.217 0.908 0.908 
<><><><><><><><> 
RT (mean):  1.77 
Consistency:  0.07 
Self Consistency:  1.00 
<><><><><><><><> 
End: 25-Nov-2014 14:39:35 
