<><><><><><><><> 
Begin: 25-Nov-2014 15:27:15 
Matlab version  8.2.0.701 (R2013b) 
Psychtoolbox version  3.0.11 
Subjid: s62 Run Number: 5 
<><><><><><><><> 
Columns info in data file: 
1. left indvd 2. # right indvd  
3. response (left - 1 :: right - 2) 4. RT  
<><><><><><><><> 
Columns info in (this) info file: 
1. Stimulus start time (from trial start) 2. Stimulus off-time(from stimulus start time) 
3. RT or max response duration, if no response (from stimulus start time) 
 
1.001 2.079 2.079 
0.533 2.953 2.953 
0.568 1.040 1.040 
0.250 1.522 1.522 
0.567 1.061 1.061 
0.451 2.243 2.243 
0.233 0.799 0.799 
0.318 1.160 1.160 
0.418 1.477 1.477 
0.584 2.473 2.473 
0.584 1.225 1.225 
0.267 0.908 0.908 
0.584 1.029 1.029 
0.585 2.375 2.375 
0.401 2.221 2.221 
0.517 2.278 2.278 
0.267 1.466 1.466 
0.367 2.167 2.167 
0.568 2.124 2.124 
0.517 0.788 0.788 
0.584 1.269 1.269 
0.468 1.060 1.060 
0.217 0.986 0.986 
0.550 1.150 1.150 
0.583 0.679 0.679 
0.466 1.324 1.324 
0.501 0.809 0.809 
0.501 1.259 1.259 
0.367 1.839 1.839 
0.467 0.733 0.733 
0.267 3.567 3.567 
0.483 1.204 1.204 
0.217 1.258 1.258 
0.317 2.823 2.823 
0.217 1.072 1.072 
0.234 0.952 0.952 
0.534 0.799 0.799 
0.485 0.941 0.941 
0.333 1.302 1.302 
0.585 3.032 3.032 
0.217 1.107 1.107 
0.384 1.916 1.916 
0.350 0.963 0.963 
0.517 1.390 1.390 
0.518 1.696 1.696 
0.284 1.280 1.280 
0.400 0.908 0.908 
0.383 1.697 1.697 
0.467 0.853 0.853 
0.484 1.543 1.543 
0.501 1.664 1.664 
0.318 2.998 2.998 
0.467 1.028 1.028 
0.467 0.798 0.798 
0.267 0.919 0.919 
0.250 1.281 1.281 
0.400 1.423 1.423 
0.584 0.635 0.635 
0.334 1.379 1.379 
0.433 1.160 1.160 
0.284 0.953 0.953 
0.500 1.313 1.313 
0.300 1.412 1.412 
0.401 1.827 1.827 
0.484 2.241 2.241 
0.552 1.346 1.346 
0.584 1.992 1.992 
0.417 1.795 1.795 
0.250 1.171 1.171 
0.266 1.565 1.565 
0.300 1.861 1.861 
0.533 0.996 0.996 
0.301 2.518 2.518 
0.533 1.073 1.073 
0.300 1.498 1.498 
0.568 2.485 2.485 
0.334 1.041 1.041 
0.284 0.777 0.777 
0.301 1.445 1.445 
0.450 3.009 3.009 
0.400 1.149 1.149 
0.350 1.620 1.620 
0.534 1.663 1.663 
0.434 0.986 0.986 
0.418 1.116 1.116 
0.568 2.090 2.090 
0.317 2.299 2.299 
0.501 1.050 1.050 
0.500 1.741 1.741 
0.350 1.127 1.127 
0.433 1.018 1.018 
0.234 1.685 1.685 
0.217 2.374 2.374 
0.418 1.193 1.193 
0.517 1.291 1.291 
0.583 1.477 1.477 
0.250 1.271 1.271 
0.434 1.194 1.194 
0.384 1.489 1.489 
0.201 1.237 1.237 
0.333 1.226 1.226 
0.266 1.565 1.565 
0.518 1.959 1.959 
0.333 1.105 1.105 
0.417 0.985 0.985 
0.267 2.451 2.451 
0.451 2.111 2.111 
0.300 1.621 1.621 
0.467 1.817 1.817 
0.483 1.093 1.093 
0.501 0.941 0.941 
0.384 1.718 1.718 
0.233 1.871 1.871 
0.300 1.476 1.476 
0.566 0.689 0.689 
0.267 2.408 2.408 
0.534 0.974 0.974 
0.417 0.920 0.920 
0.600 1.150 1.150 
0.234 1.740 1.740 
0.384 1.302 1.302 
0.250 1.094 1.094 
0.584 1.511 1.511 
0.200 2.792 2.792 
0.516 2.779 2.779 
0.534 2.112 2.112 
0.551 1.160 1.160 
0.234 2.659 2.659 
0.367 1.960 1.960 
0.300 0.952 0.952 
0.517 2.058 2.058 
0.367 1.773 1.773 
0.566 0.887 0.887 
0.267 0.668 0.668 
0.300 3.524 3.524 
0.267 1.138 1.138 
0.251 1.818 1.818 
0.551 0.777 0.777 
0.433 0.886 0.886 
0.417 1.094 1.094 
0.266 1.181 1.181 
0.551 1.303 1.303 
0.451 1.587 1.587 
0.350 1.346 1.346 
0.400 1.774 1.774 
0.366 1.214 1.214 
0.234 2.111 2.111 
0.300 1.106 1.106 
0.251 1.795 1.795 
0.283 1.587 1.587 
0.300 1.871 1.871 
0.367 1.072 1.072 
0.217 0.941 0.941 
0.567 2.953 2.953 
0.584 1.182 1.182 
0.401 1.160 1.160 
0.401 2.244 2.244 
0.333 0.953 0.953 
0.567 1.259 1.259 
0.350 2.168 2.168 
0.250 0.843 0.843 
0.517 1.138 1.138 
0.350 1.215 1.215 
0.301 0.964 0.964 
0.367 0.898 0.898 
0.234 1.214 1.214 
0.250 2.440 2.440 
0.584 1.948 1.948 
0.583 3.098 3.098 
0.435 1.094 1.094 
0.233 1.236 1.236 
0.301 3.195 3.195 
0.350 1.171 1.171 
0.533 3.994 3.994 
0.216 1.007 1.007 
0.216 0.964 0.964 
0.267 1.006 1.006 
0.467 0.952 0.952 
0.500 1.128 1.128 
0.467 3.131 3.131 
0.384 2.188 2.188 
0.418 0.842 0.842 
0.316 0.843 0.843 
0.501 0.788 0.788 
0.284 1.685 1.685 
0.483 1.717 1.717 
0.284 1.630 1.630 
0.351 2.669 2.669 
0.450 0.831 0.831 
0.517 1.817 1.817 
0.234 2.287 2.287 
0.567 3.568 3.568 
0.517 1.008 1.008 
0.401 1.325 1.325 
0.383 3.993 4.311 
0.384 1.181 1.181 
0.316 1.598 1.598 
0.401 0.975 0.975 
0.400 1.499 1.499 
0.534 0.865 0.865 
0.517 2.211 2.211 
0.467 1.018 1.018 
0.351 1.170 1.170 
0.533 1.204 1.204 
0.417 1.007 1.007 
0.350 1.871 1.871 
0.584 1.227 1.227 
0.550 2.452 2.452 
0.417 2.538 2.538 
0.450 1.564 1.564 
0.434 3.087 3.087 
0.284 1.499 1.499 
0.317 1.160 1.160 
0.384 1.095 1.095 
0.300 0.919 0.919 
0.534 1.193 1.193 
0.284 0.810 0.810 
0.300 1.061 1.061 
0.267 1.324 1.324 
0.300 2.965 2.965 
0.384 1.882 1.882 
0.333 3.131 3.131 
0.568 1.510 1.510 
0.368 0.952 0.952 
0.284 1.072 1.072 
0.568 1.477 1.477 
0.601 1.379 1.379 
0.384 2.627 2.627 
0.251 1.072 1.072 
0.300 2.702 2.702 
0.368 1.117 1.117 
0.434 1.225 1.225 
0.301 1.116 1.116 
0.450 1.237 1.237 
0.483 2.660 2.660 
0.284 2.112 2.112 
0.250 1.280 1.280 
0.318 1.203 1.203 
0.333 2.659 2.659 
0.367 1.083 1.083 
0.400 1.204 1.204 
0.234 1.006 1.006 
0.300 1.477 1.477 
0.517 1.741 1.741 
0.216 1.116 1.116 
0.567 1.532 1.532 
0.501 0.952 0.952 
0.399 0.996 0.996 
0.434 0.832 0.832 
0.300 0.951 0.951 
0.384 1.402 1.402 
0.585 1.126 1.126 
0.417 1.598 1.598 
0.417 1.160 1.160 
0.300 0.952 0.952 
0.401 0.777 0.777 
0.450 1.882 1.882 
0.467 1.007 1.007 
0.367 3.294 3.294 
0.350 1.138 1.138 
0.601 2.965 2.965 
0.217 2.626 2.626 
0.551 2.440 2.440 
0.567 2.199 2.199 
0.517 1.007 1.007 
0.250 1.115 1.115 
0.300 1.730 1.730 
0.334 0.854 0.854 
0.467 1.282 1.282 
0.250 2.385 2.385 
0.485 1.302 1.302 
0.250 2.495 2.495 
0.468 0.843 0.843 
0.401 2.628 2.628 
0.517 1.510 1.510 
0.484 1.368 1.368 
0.567 2.124 2.124 
0.566 1.522 1.522 
0.334 0.930 0.930 
0.484 0.952 0.952 
0.285 1.258 1.258 
0.217 1.413 1.413 
0.501 2.899 2.899 
0.400 1.871 1.871 
0.400 1.379 1.379 
0.567 0.700 0.700 
0.452 1.467 1.467 
0.450 1.029 1.029 
0.550 2.266 2.266 
0.518 1.455 1.455 
0.434 0.908 0.908 
0.283 0.733 0.733 
0.300 1.258 1.258 
0.550 1.171 1.171 
0.216 1.117 1.117 
<><><><><><><><> 
RT (mean):  1.54 
Consistency:  0.21 
Self Consistency:  0.84 
<><><><><><><><> 
End: 25-Nov-2014 15:36:58 
