77,78,2,1.4212
61,68,1,1.1708
106,69,1,1.0289
64,62,2,0.96255
117,69,2,0.82045
81,66,1,0.90824
101,117,1,0.98433
100,87,2,1.0506
63,78,2,1.2807
90,113,2,1.1165
111,64,2,1.2467
86,113,1,1.2478
72,102,2,1.0282
112,77,2,0.89696
106,111,1,1.3681
116,76,2,0.71103
113,77,2,0.87554
81,80,1,0.88589
96,87,2,0.8528
110,80,2,1.0393
113,69,1,0.81007
65,92,1,0.84267
83,74,1,1.0173
85,86,1,0.74375
113,61,2,0.65677
86,84,1,0.82088
77,116,2,0.8968
76,104,2,1.0721
106,118,2,1.1164
82,69,1,0.75508
65,86,1,0.96258
75,96,1,0.95175
89,119,2,0.99541
66,90,1,1.0725
74,96,1,1.5969
72,69,1,1.0836
77,68,1,1.5318
104,70,1,1.6842
75,99,1,1.0833
70,115,1,1.3889
113,75,1,1.5535
114,64,1,2.0472
110,96,2,2.1228
66,76,1,1.576
64,77,2,1.7831
85,69,1,1.1712
63,101,1,1.6083
62,114,1,1.4554
92,105,1,1.1168
102,62,1,1.466
75,71,1,1.3226
62,113,1,2.341
102,108,1,1.0947
77,83,2,1.3785
66,91,1,1.4658
67,120,1,1.0501
85,65,2,0.94085
118,109,1,1.9243
115,91,2,1.269
108,85,1,1.3238
110,64,2,1.0511
81,89,1,1.3558
62,117,1,1.1488
80,115,1,1.368
109,65,2,1.5324
100,102,2,0.80979
76,95,1,1.5426
115,89,2,1.6951
120,103,2,1.4663
106,79,2,1.4111
70,83,2,1.8486
86,112,1,1.1706
103,108,1,1.379
102,106,2,0.81989
97,78,2,1.3234
120,89,2,1.1701
98,66,2,1.0606
115,117,1,1.2359
70,107,2,0.78806
116,74,2,1.5647
102,93,2,1.1054
77,109,2,1.2575
113,105,1,1.2583
69,92,2,1.1598
119,84,1,0.84225
77,95,2,2.3186
89,104,2,1.0831
99,105,1,1.0398
88,61,2,1.3349
83,76,1,1.0173
68,79,2,0.96184
97,94,2,0.8866
80,86,2,0.96222
111,69,1,0.74361
113,74,2,0.88633
112,102,2,1.1706
77,106,2,0.99593
102,111,1,0.75561
89,96,2,1.6739
94,113,1,1.1611
88,93,2,0.68946
90,94,2,0.97377
89,87,2,1.8702
108,112,1,1.2799
87,64,2,1.0059
86,63,1,0.93086
93,107,2,1.5321
61,87,1,1.9471
102,63,1,1.5759
84,92,2,1.0505
109,82,1,1.083
114,118,2,1.236
74,68,2,1.226
116,62,2,1.2028
91,87,1,1.6409
85,62,2,1.2471
96,84,2,0.94048
107,89,1,0.83136
102,91,1,0.76584
70,72,2,0.84279
90,71,2,0.8113
85,94,2,1.3027
69,116,2,1.5203
97,61,2,0.98416
91,108,2,1.2688
95,112,2,0.96249
106,93,2,1.4989
87,107,2,0.90867
84,81,1,1.871
116,70,2,0.90803
74,119,2,1.6416
99,111,2,1.5866
113,104,2,1.3456
80,61,1,1.806
69,103,2,1.1375
74,95,1,1.8057
64,113,1,1.4001
82,94,2,1.0063
64,92,2,1.432
94,118,1,0.89724
78,93,2,0.75502
92,87,1,1.291
69,77,2,0.77771
93,95,1,0.85309
78,87,1,0.98407
113,93,2,0.67879
106,109,1,0.93042
93,104,2,0.75514
79,81,1,1.9697
61,103,1,1.2151
111,120,1,0.919
87,77,2,0.68928
99,81,2,1.1485
106,108,1,0.89719
117,94,2,0.74483
96,65,2,1.0604
117,93,2,0.95192
119,105,1,1.0392
118,79,2,0.79879
106,91,1,1.0058
75,72,2,1.8938
68,62,2,1.1162
114,74,1,1.0397
98,67,2,1.039
115,71,1,1.1495
91,69,1,1.4006
118,107,1,0.90859
114,104,2,1.3786
111,77,2,1.8812
88,85,1,1.4442
72,89,1,1.0274
113,84,2,1.2702
108,66,1,1.0283
79,75,2,1.7403
105,93,2,1.2042
82,83,2,1.018
115,102,2,1.0063
99,77,2,1.105
103,83,1,1.2697
113,96,1,1.0936
80,109,2,0.88663
105,95,2,0.83183
73,120,1,0.74402
104,88,1,0.70002
120,76,2,0.72172
90,109,2,0.84275
93,80,1,0.79896
104,63,2,0.79818
70,74,2,1.4325
114,93,2,1.1598
115,113,2,1.4977
84,107,2,0.88581
95,108,1,0.87454
118,83,2,1.0945
66,96,1,1.5094
64,106,1,1.1606
119,75,1,1.1816
94,64,1,1.1817
100,73,2,1.3137
61,110,1,0.98509
111,97,2,1.1596
68,93,2,1.0174
115,69,1,1.1381
98,114,2,1.3236
67,112,2,1.0825
118,100,1,1.0063
69,114,2,0.99498
111,92,2,0.93007
120,69,2,0.85423
61,90,1,1.1806
89,91,2,1.1045
110,74,2,1.313
108,104,2,1.2368
81,77,2,2.167
75,63,1,0.93039
101,118,2,0.87725
77,73,2,1.2914
96,63,2,0.94221
89,65,2,1.1161
119,106,1,1.2248
115,101,2,1.1267
118,73,2,1.1055
115,93,2,1.8475
113,80,2,0.96218
105,77,2,1.1376
65,69,1,0.83125
116,103,2,0.86465
77,115,1,0.96273
116,97,2,0.90712
66,110,1,0.94108
115,68,2,1.0285
65,64,1,1.0289
77,74,1,1.017
61,109,2,1.04
67,66,2,0.98455
84,89,1,0.79852
120,114,2,0.7553
116,68,2,0.87541
75,118,1,1.247
61,70,1,1.1269
85,66,2,0.87513
62,118,1,1.0181
74,94,1,0.92932
75,70,1,1.116
109,62,2,1.0622
118,99,1,0.81997
79,71,1,1.2364
97,113,2,1.1809
90,98,1,1.5199
61,76,1,0.98519
88,107,1,0.90752
62,101,1,1.1602
64,104,2,1.007
99,67,2,0.97455
105,89,1,0.87644
98,83,2,1.3896
118,91,1,1.0722
100,78,2,1.0728
73,103,2,1.3132
65,88,1,1.0389
78,120,1,1.2144
92,103,1,0.97328
113,89,2,1.6306
115,111,1,0.71147
64,102,2,0.90709
67,103,2,1.6523
87,84,2,1.0613
93,112,1,0.74499
108,86,2,1.0502
66,69,1,0.69987
90,79,2,0.64491
88,71,1,0.86505
84,74,2,0.87569
107,105,1,0.62313
77,63,1,0.93015
74,76,2,0.7438
61,64,1,0.73292
99,85,2,0.82066
102,116,1,0.70038
118,85,1,1.007
101,93,2,1.0616
111,61,1,0.98492
80,62,2,1.345
77,97,1,0.88597
105,86,2,0.85321
103,94,2,1.0399
93,74,1,0.73307
96,76,2,0.83147
114,66,2,1.2039
78,85,1,0.91918
74,99,2,0.9188
90,101,1,1.4877
76,105,1,1.2363
68,89,2,1.0395
107,114,1,1.2801
