<><><><><><><><> 
Begin: 04-Mar-2014 15:47:42 
Matlab version  8.2.0.701 (R2013b) 
Psychtoolbox version  3.0.11 - Flavor: beta - Corresponds to SVN Revision 4331
For more info visit:
https 
Subjid: s29 Run Number: 1 
<><><><><><><><> 
Columns info in data file: 
1. display side (left 1/right 0) 2. # indvd  3. # gend  
4. response (masc - 1 :: fem - 7) 5. RT  
<><><><><><><><> 
Columns info in (this) info file: 
1. Stimulus start time (from trial start) 2. Stimulus off-time(from stimulus start time) 
3. RT or max response duration, if no response (from stimulus start time) 
 
1.002 3.990 4.582 
0.348 1.644 1.644 
0.484 2.326 2.326 
0.250 1.419 1.419 
0.618 1.015 1.015 
0.467 1.633 1.633 
0.350 1.647 1.647 
0.367 2.073 2.073 
0.934 3.985 4.531 
0.750 2.044 2.044 
0.584 1.510 1.510 
0.934 2.199 2.199 
0.284 0.984 0.984 
0.801 2.749 2.749 
0.785 2.415 2.415 
0.652 2.312 2.312 
0.350 1.608 1.608 
0.684 1.573 1.573 
0.450 1.043 1.043 
0.316 1.378 1.378 
0.366 1.963 1.963 
0.918 1.270 1.270 
0.267 2.030 2.030 
0.402 1.644 1.644 
0.250 1.423 1.423 
0.551 2.025 2.025 
0.217 2.567 2.567 
0.918 3.615 3.615 
0.367 1.776 1.776 
0.283 2.708 2.708 
0.450 1.029 1.029 
0.568 1.335 1.335 
0.284 1.762 1.762 
1.001 2.147 2.147 
0.467 2.582 2.582 
0.434 1.047 1.047 
0.251 1.575 1.575 
0.450 3.535 3.535 
0.233 1.727 1.727 
0.600 1.858 1.858 
0.818 3.335 3.335 
0.701 3.997 5.045 
0.283 1.907 1.907 
0.267 2.844 2.844 
0.834 1.175 1.175 
0.934 0.982 0.982 
0.634 1.878 1.878 
0.283 1.596 1.596 
0.868 2.002 2.002 
0.468 2.534 2.534 
0.434 1.151 1.151 
0.800 3.991 4.398 
0.217 2.633 2.633 
0.250 1.471 1.471 
0.733 1.947 1.947 
0.684 2.288 2.288 
0.618 1.880 1.880 
0.784 1.435 1.435 
0.767 1.199 1.199 
0.834 1.601 1.601 
0.434 2.923 2.923 
0.751 1.420 1.420 
0.651 1.458 1.458 
0.518 1.790 1.790 
0.250 1.897 1.897 
0.834 1.214 1.214 
0.467 1.921 1.921 
0.684 0.957 0.957 
0.801 1.872 1.872 
0.284 2.564 2.564 
0.300 3.258 3.258 
0.650 3.386 3.386 
0.584 2.403 2.403 
0.918 1.752 1.752 
0.851 3.151 3.151 
0.783 3.261 3.261 
0.250 1.578 1.578 
0.266 2.463 2.463 
0.267 4.001 4.281 
0.834 1.498 1.498 
0.951 0.982 0.982 
0.751 3.997 4.869 
0.317 3.133 3.133 
0.784 1.229 1.229 
0.300 1.146 1.146 
0.300 1.031 1.031 
0.717 2.217 2.217 
0.468 2.206 2.206 
0.734 3.560 3.560 
0.801 1.585 1.585 
0.668 1.810 1.810 
0.800 1.649 1.649 
0.384 1.036 1.036 
0.783 1.442 1.442 
0.984 2.159 2.159 
0.901 2.134 2.134 
0.267 1.790 1.790 
0.501 1.251 1.251 
0.500 1.650 1.650 
0.751 3.990 5.070 
0.685 2.920 2.920 
0.834 3.427 3.427 
0.501 1.200 1.200 
0.368 1.520 1.520 
0.268 1.321 1.321 
0.818 1.078 1.078 
0.367 1.609 1.609 
0.518 2.281 2.281 
0.650 3.928 3.928 
0.383 2.022 2.022 
0.717 1.988 1.988 
0.584 2.320 2.320 
0.333 2.614 2.614 
0.834 2.532 2.532 
0.284 2.564 2.564 
0.433 0.949 0.949 
0.400 3.154 3.154 
0.634 1.633 1.633 
0.284 1.290 1.290 
0.533 0.890 0.890 
0.284 1.771 1.771 
0.300 1.519 1.519 
0.835 1.174 1.174 
0.434 1.717 1.717 
0.684 2.262 2.262 
0.968 0.586 0.586 
0.550 2.057 2.057 
0.751 1.812 1.812 
0.818 2.562 2.562 
0.552 2.581 2.581 
0.733 2.345 2.345 
0.283 2.587 2.587 
0.951 1.297 1.297 
0.351 3.914 3.914 
0.416 2.402 2.402 
0.835 1.151 1.151 
0.601 2.711 2.711 
0.818 2.163 2.163 
0.518 3.213 3.213 
0.417 1.654 1.654 
0.234 1.736 1.736 
0.734 2.508 2.508 
0.551 0.992 0.992 
0.567 3.028 3.028 
0.684 1.666 1.666 
0.250 3.998 4.689 
0.450 1.405 1.405 
0.818 1.382 1.382 
0.767 2.566 2.566 
0.300 1.864 1.864 
0.300 1.633 1.633 
0.283 1.387 1.387 
0.216 3.988 4.786 
0.535 2.404 2.404 
0.734 3.168 3.168 
0.784 2.253 2.253 
0.633 2.997 2.997 
0.285 2.896 2.896 
0.701 3.109 3.109 
0.300 3.994 4.878 
0.316 1.990 1.990 
0.284 1.405 1.405 
0.317 0.991 0.991 
0.334 0.764 0.764 
0.367 2.843 2.843 
0.451 2.354 2.354 
0.451 1.670 1.670 
0.383 1.750 1.750 
0.400 1.730 1.730 
0.918 1.602 1.602 
0.768 2.362 2.362 
0.651 2.071 2.071 
0.350 1.741 1.741 
0.367 2.185 2.185 
0.267 1.867 1.867 
0.935 1.523 1.523 
0.768 3.993 5.423 
0.651 2.190 2.190 
0.451 2.419 2.419 
0.334 1.841 1.841 
0.701 1.915 1.915 
1.001 1.819 1.819 
0.334 1.068 1.068 
0.417 1.459 1.459 
0.517 1.415 1.415 
0.266 2.551 2.551 
0.751 1.851 1.851 
0.533 1.102 1.102 
0.985 1.855 1.855 
0.518 1.294 1.294 
0.702 1.634 1.634 
0.334 3.226 3.226 
0.517 1.174 1.174 
0.334 2.186 2.186 
0.817 2.794 2.794 
0.901 3.164 3.164 
0.484 1.068 1.068 
0.751 1.985 1.985 
0.434 2.279 2.279 
0.634 1.704 1.704 
0.867 1.514 1.514 
0.685 1.410 1.410 
0.467 1.081 1.081 
0.450 1.949 1.949 
0.567 1.586 1.586 
0.534 1.789 1.789 
0.484 1.712 1.712 
0.651 1.460 1.460 
0.801 2.606 2.606 
0.550 1.943 1.943 
0.551 1.334 1.334 
0.301 1.441 1.441 
0.217 2.874 2.874 
0.434 1.943 1.943 
0.451 1.653 1.653 
0.734 1.554 1.554 
0.967 1.762 1.762 
0.952 1.852 1.852 
0.568 1.545 1.545 
0.400 1.636 1.636 
0.818 1.146 1.146 
0.817 1.536 1.536 
0.801 1.754 1.754 
0.801 1.089 1.089 
0.283 3.064 3.064 
0.751 1.501 1.501 
0.568 3.282 3.282 
0.367 1.054 1.054 
0.283 1.460 1.460 
0.867 2.163 2.163 
0.350 0.970 0.970 
0.334 1.207 1.207 
0.735 1.605 1.605 
0.918 1.526 1.526 
0.617 1.621 1.621 
0.768 2.542 2.542 
0.333 0.885 0.885 
0.968 2.306 2.306 
0.635 1.262 1.262 
0.751 3.985 5.238 
<><><><><><><><> 
Response (Std deviation):  2.03 
RT (mean):  2.06 
Consistency:  0.93 
<><><><><><><><> 
End: 04-Mar-2014 15:58:19 
