<><><><><><><><> 
Begin: 01-Oct-2014 18:00:19 
Matlab version  8.2.0.701 (R2013b) 
Psychtoolbox version  3.0.11 
Subjid: s21 Run Number: 1 
<><><><><><><><> 
Columns info in data file: 
1. left indvd 2. # right indvd  
3. response (left - 1 :: right - 2) 4. RT  
<><><><><><><><> 
Columns info in (this) info file: 
1. Stimulus start time (from trial start) 2. Stimulus off-time(from stimulus start time) 
3. RT or max response duration, if no response (from stimulus start time) 
 
1.003 2.024 2.024 
0.532 2.546 2.546 
0.567 1.454 1.454 
0.250 2.108 2.108 
0.567 1.825 1.825 
0.450 1.924 1.924 
0.234 2.690 2.690 
0.317 2.229 2.229 
0.417 1.421 1.421 
0.584 1.979 1.979 
0.584 2.539 2.539 
0.266 1.509 1.509 
0.584 1.837 1.837 
0.584 1.291 1.291 
0.399 1.988 1.988 
0.517 1.083 1.083 
0.267 1.148 1.148 
0.367 1.246 1.246 
0.567 1.367 1.367 
0.517 1.279 1.279 
0.584 1.355 1.355 
0.467 1.695 1.695 
0.217 1.640 1.640 
0.550 1.334 1.334 
0.583 1.531 1.531 
0.467 1.532 1.532 
0.501 1.826 1.826 
0.501 2.035 2.035 
0.367 1.958 1.958 
0.467 1.967 1.967 
0.267 1.028 1.028 
0.484 1.170 1.170 
0.217 1.477 1.477 
0.317 2.110 2.110 
0.217 2.065 2.065 
0.234 1.257 1.257 
0.533 0.831 0.831 
0.484 1.760 1.760 
0.333 1.914 1.914 
0.584 2.109 2.109 
0.218 1.313 1.313 
0.384 1.574 1.574 
0.350 1.115 1.115 
0.501 2.286 2.286 
0.517 1.607 1.607 
0.284 1.093 1.093 
0.400 1.137 1.137 
0.384 1.072 1.072 
0.467 0.766 0.766 
0.484 0.743 0.743 
0.501 0.973 0.973 
0.317 0.853 0.853 
0.468 1.531 1.531 
0.466 0.787 0.787 
0.268 1.159 1.159 
0.250 0.962 0.962 
0.401 0.744 0.744 
0.584 0.984 0.984 
0.334 0.952 0.952 
0.434 1.171 1.171 
0.284 1.979 1.979 
0.501 0.918 0.918 
0.300 1.051 1.051 
0.400 1.214 1.214 
0.484 1.497 1.497 
0.567 1.707 1.707 
0.584 1.771 1.771 
0.416 1.017 1.017 
0.266 1.640 1.640 
0.267 1.771 1.771 
0.300 1.323 1.323 
0.534 0.994 0.994 
0.300 0.962 0.962 
0.534 1.466 1.466 
0.300 1.323 1.323 
0.568 1.607 1.607 
0.349 0.995 0.995 
0.284 0.929 0.929 
0.299 1.060 1.060 
0.450 1.018 1.018 
0.399 1.006 1.006 
0.350 1.563 1.563 
0.534 1.357 1.357 
0.434 1.137 1.137 
0.417 1.345 1.345 
0.567 0.810 0.810 
0.317 1.105 1.105 
0.501 1.749 1.749 
0.501 1.071 1.071 
0.350 1.880 1.880 
0.433 0.951 0.951 
0.233 1.192 1.192 
0.218 1.312 1.312 
0.417 1.081 1.081 
0.517 1.247 1.247 
0.584 2.012 2.012 
0.250 1.323 1.323 
0.433 1.608 1.608 
0.384 0.885 0.885 
0.200 0.951 0.951 
0.334 0.853 0.853 
0.267 1.028 1.028 
0.517 0.787 0.787 
0.334 1.006 1.006 
0.417 0.853 0.853 
0.267 1.356 1.356 
0.451 1.486 1.486 
0.300 2.909 2.909 
0.467 2.034 2.034 
0.483 1.280 1.280 
0.501 1.400 1.400 
0.384 0.974 0.974 
0.234 2.023 2.023 
0.300 1.782 1.782 
0.566 1.258 1.258 
0.267 1.071 1.071 
0.534 0.973 0.973 
0.416 1.083 1.083 
0.600 0.787 0.787 
0.233 1.083 1.083 
0.384 0.853 0.853 
0.250 0.886 0.886 
0.584 1.039 1.039 
0.200 1.060 1.060 
0.517 0.919 0.919 
0.534 1.268 1.268 
0.551 1.936 1.936 
0.234 1.378 1.378 
0.367 1.914 1.914 
0.301 2.155 2.155 
0.517 1.465 1.465 
0.383 1.127 1.127 
0.567 1.367 1.367 
0.284 1.530 1.530 
0.301 1.629 1.629 
0.267 1.224 1.224 
0.250 1.443 1.443 
0.551 0.798 0.798 
0.434 0.831 0.831 
0.417 1.323 1.323 
0.267 1.181 1.181 
0.551 1.914 1.914 
0.450 2.034 2.034 
0.350 1.454 1.454 
0.416 2.100 2.100 
0.366 1.050 1.050 
0.234 0.973 0.973 
0.300 0.907 0.907 
0.250 1.061 1.061 
0.284 1.521 1.521 
0.300 2.120 2.120 
0.367 1.662 1.662 
0.217 0.952 0.952 
0.568 1.323 1.323 
0.584 1.531 1.531 
0.400 0.950 0.950 
0.400 1.444 1.444 
0.334 1.509 1.509 
0.567 0.765 0.765 
0.350 2.219 2.219 
0.250 1.312 1.312 
0.517 2.186 2.186 
0.351 1.039 1.039 
0.301 0.864 0.864 
0.367 0.875 0.875 
0.233 0.984 0.984 
0.250 0.766 0.766 
0.583 0.984 0.984 
0.584 0.809 0.809 
0.433 0.580 0.580 
0.234 0.951 0.951 
0.300 1.367 1.367 
0.350 1.235 1.235 
0.533 0.874 0.874 
0.216 2.416 2.416 
0.218 0.995 0.995 
0.267 0.710 0.710 
0.467 1.082 1.082 
0.500 1.367 1.367 
0.467 1.445 1.445 
0.383 0.732 0.732 
0.417 1.269 1.269 
0.317 0.853 0.853 
0.500 1.050 1.050 
0.284 1.224 1.224 
0.484 1.006 1.006 
0.284 2.188 2.188 
0.350 1.388 1.388 
0.451 2.712 2.712 
0.516 1.290 1.290 
0.234 0.765 0.765 
0.567 0.886 0.886 
0.517 1.541 1.541 
0.401 0.776 0.776 
0.383 0.722 0.722 
0.384 0.711 0.711 
0.334 0.852 0.852 
0.400 0.580 0.580 
0.400 0.777 0.777 
0.534 0.744 0.744 
0.516 1.082 1.082 
0.466 0.777 0.777 
0.350 0.907 0.907 
0.534 1.138 1.138 
0.417 0.995 0.995 
0.350 1.259 1.259 
0.584 1.170 1.170 
0.551 1.225 1.225 
0.417 1.520 1.520 
0.452 1.596 1.596 
0.435 1.531 1.531 
0.284 0.940 0.940 
0.317 1.071 1.071 
0.383 0.995 0.995 
0.300 0.951 0.951 
0.534 0.973 0.973 
0.284 0.733 0.733 
0.300 1.268 1.268 
0.267 1.072 1.072 
0.300 0.896 0.896 
0.384 1.344 1.344 
0.334 1.652 1.652 
0.567 2.088 2.088 
0.368 1.017 1.017 
0.284 1.803 1.803 
0.567 0.896 0.896 
0.601 0.919 0.919 
0.384 1.115 1.115 
0.250 0.754 0.754 
0.300 0.733 0.733 
0.367 0.963 0.963 
0.434 1.607 1.607 
0.300 0.941 0.941 
0.449 1.148 1.148 
0.484 1.531 1.531 
0.284 0.831 0.831 
0.250 0.952 0.952 
0.317 0.952 0.952 
0.334 0.754 0.754 
0.367 0.940 0.940 
0.399 1.039 1.039 
0.234 1.246 1.246 
0.300 0.853 0.853 
0.517 1.050 1.050 
0.217 1.640 1.640 
0.568 0.940 0.940 
0.501 0.820 0.820 
0.399 0.842 0.842 
0.434 0.875 0.875 
0.301 2.066 2.066 
0.384 0.788 0.788 
0.584 1.093 1.093 
0.417 0.656 0.656 
0.417 1.554 1.554 
0.300 0.907 0.907 
0.401 0.842 0.842 
0.451 0.886 0.886 
0.467 0.875 0.875 
0.367 0.974 0.974 
0.350 0.885 0.885 
0.601 1.127 1.127 
0.217 0.962 0.962 
0.551 1.246 1.246 
0.567 1.105 1.105 
0.517 2.099 2.099 
0.234 0.918 0.918 
0.300 1.160 1.160 
0.334 3.116 3.116 
0.468 0.941 0.941 
0.250 1.061 1.061 
0.484 0.755 0.755 
0.250 1.016 1.016 
0.467 0.974 0.974 
0.400 0.777 0.777 
0.517 1.071 1.071 
0.484 1.017 1.017 
0.567 0.678 0.678 
0.551 0.656 0.656 
0.333 0.898 0.898 
0.483 0.700 0.700 
0.283 1.174 1.174 
0.217 0.757 0.757 
0.500 0.675 0.675 
0.400 0.818 0.818 
0.400 0.940 0.940 
0.567 0.623 0.623 
0.451 0.732 0.732 
0.450 0.547 0.547 
0.551 0.547 0.547 
0.518 0.656 0.656 
0.434 0.482 0.482 
0.283 0.601 0.601 
0.300 0.613 0.613 
0.552 0.678 0.678 
0.217 0.827 0.827 
<><><><><><><><> 
RT (mean):  1.25 
Consistency:  0.03 
Self Consistency:  1.00 
<><><><><><><><> 
End: 01-Oct-2014 18:08:38 
