<><><><><><><><> 
Begin: 02-Oct-2014 17:05:29 
Matlab version  8.2.0.701 (R2013b) 
Psychtoolbox version  3.0.11 
Subjid: s33 Run Number: 5 
<><><><><><><><> 
Columns info in data file: 
1. left indvd 2. # right indvd  
3. response (left - 1 :: right - 2) 4. RT  
<><><><><><><><> 
Columns info in (this) info file: 
1. Stimulus start time (from trial start) 2. Stimulus off-time(from stimulus start time) 
3. RT or max response duration, if no response (from stimulus start time) 
 
1.001 3.991 4.037 
0.534 2.811 2.811 
0.566 0.952 0.952 
0.250 1.597 1.597 
0.568 0.931 0.931 
0.451 2.986 2.986 
0.234 1.334 1.334 
0.316 0.919 0.919 
0.417 1.160 1.160 
0.585 0.974 0.974 
0.584 1.870 1.870 
0.267 1.585 1.585 
0.585 2.002 2.002 
0.584 3.074 3.074 
0.401 0.897 0.897 
0.517 1.182 1.182 
0.267 1.468 1.468 
0.368 1.106 1.106 
0.567 1.236 1.236 
0.518 1.149 1.149 
0.584 1.159 1.159 
0.467 0.777 0.777 
0.216 1.269 1.269 
0.534 0.853 0.853 
0.583 1.641 1.641 
0.467 1.258 1.258 
0.502 1.521 1.521 
0.501 1.268 1.268 
0.367 0.798 0.798 
0.467 2.736 2.736 
0.268 1.116 1.116 
0.484 3.522 3.522 
0.217 2.571 2.571 
0.317 1.432 1.432 
0.216 1.007 1.007 
0.235 1.324 1.324 
0.534 1.893 1.893 
0.483 1.148 1.148 
0.334 1.312 1.312 
0.584 1.553 1.553 
0.216 1.072 1.072 
0.383 1.685 1.685 
0.350 0.962 0.962 
0.502 1.685 1.685 
0.516 0.842 0.842 
0.284 3.993 5.984 
0.400 1.083 1.083 
0.384 2.734 2.734 
0.467 1.117 1.117 
0.484 1.006 1.006 
0.501 2.398 2.398 
0.317 1.094 1.094 
0.468 1.412 1.412 
0.468 0.918 0.918 
0.268 2.013 2.013 
0.251 1.739 1.739 
0.400 2.714 2.714 
0.584 1.510 1.510 
0.334 1.400 1.400 
0.434 1.478 1.478 
0.285 3.163 3.163 
0.501 1.028 1.028 
0.301 2.035 2.035 
0.401 1.040 1.040 
0.484 0.830 0.830 
0.567 0.995 0.995 
0.584 0.832 0.832 
0.417 1.815 1.815 
0.266 0.995 0.995 
0.267 1.805 1.805 
0.300 2.090 2.090 
0.533 1.127 1.127 
0.300 1.444 1.444 
0.533 1.105 1.105 
0.301 1.575 1.575 
0.568 0.919 0.919 
0.350 1.018 1.018 
0.284 1.017 1.017 
0.300 1.138 1.138 
0.452 2.615 2.615 
0.399 1.804 1.804 
0.349 1.127 1.127 
0.533 0.864 0.864 
0.434 1.302 1.302 
0.417 1.148 1.148 
0.567 1.269 1.269 
0.317 2.253 2.253 
0.500 0.995 0.995 
0.500 1.510 1.510 
0.350 0.810 0.810 
0.434 1.673 1.673 
0.234 1.510 1.510 
0.217 1.705 1.705 
0.417 0.843 0.843 
0.517 0.886 0.886 
0.584 0.700 0.700 
0.250 0.963 0.963 
0.434 0.942 0.942 
0.384 0.951 0.951 
0.200 1.083 1.083 
0.334 1.663 1.663 
0.267 2.756 2.756 
0.517 1.226 1.226 
0.333 1.061 1.061 
0.417 0.919 0.919 
0.267 0.908 0.908 
0.450 0.952 0.952 
0.301 1.028 1.028 
0.467 1.072 1.072 
0.483 2.165 2.165 
0.500 1.717 1.717 
0.383 1.444 1.444 
0.234 1.465 1.465 
0.300 2.176 2.176 
0.567 1.564 1.564 
0.267 2.460 2.460 
0.533 1.674 1.674 
0.417 1.980 1.980 
0.600 1.006 1.006 
0.234 1.378 1.378 
0.384 3.118 3.118 
0.250 1.138 1.138 
0.583 1.827 1.827 
0.201 1.391 1.391 
0.517 2.657 2.657 
0.534 0.831 0.831 
0.550 1.652 1.652 
0.234 1.082 1.082 
0.367 1.390 1.390 
0.299 0.842 0.842 
0.518 1.783 1.783 
0.367 2.558 2.558 
0.567 1.871 1.871 
0.267 0.995 0.995 
0.300 0.941 0.941 
0.267 0.940 0.940 
0.250 1.170 1.170 
0.550 0.952 0.952 
0.434 0.832 0.832 
0.416 0.962 0.962 
0.266 1.893 1.893 
0.550 1.487 1.487 
0.451 1.105 1.105 
0.350 0.842 0.842 
0.401 1.291 1.291 
0.367 0.941 0.941 
0.234 1.761 1.761 
0.300 0.930 0.930 
0.250 1.947 1.947 
0.283 1.892 1.892 
0.299 0.809 0.809 
0.367 1.192 1.192 
0.216 1.837 1.837 
0.568 0.799 0.799 
0.584 1.346 1.346 
0.400 3.499 3.499 
0.400 1.116 1.116 
0.333 1.805 1.805 
0.567 2.756 2.756 
0.350 1.565 1.565 
0.251 1.488 1.488 
0.517 0.875 0.875 
0.367 1.269 1.269 
0.301 0.951 0.951 
0.367 2.417 2.417 
0.234 1.246 1.246 
0.251 1.017 1.017 
0.584 2.361 2.361 
0.584 1.258 1.258 
0.434 0.864 0.864 
0.234 1.510 1.510 
0.300 0.984 0.984 
0.350 1.138 1.138 
0.534 1.739 1.739 
0.201 1.039 1.039 
0.217 1.083 1.083 
0.273 1.040 1.040 
0.468 1.115 1.115 
0.500 1.193 1.193 
0.467 1.237 1.237 
0.384 0.995 0.995 
0.418 0.864 0.864 
0.316 1.367 1.367 
0.501 1.356 1.356 
0.283 1.531 1.531 
0.483 1.150 1.150 
0.283 1.608 1.608 
0.350 0.941 0.941 
0.451 0.667 0.667 
0.517 1.618 1.618 
0.234 2.658 2.658 
0.568 1.575 1.575 
0.517 1.225 1.225 
0.400 0.897 0.897 
0.384 1.126 1.126 
0.384 1.652 1.652 
0.333 1.356 1.356 
0.400 1.050 1.050 
0.401 1.083 1.083 
0.533 1.204 1.204 
0.517 1.083 1.083 
0.467 1.630 1.630 
0.350 1.017 1.017 
0.534 2.144 2.144 
0.417 1.225 1.225 
0.350 1.762 1.762 
0.583 0.929 0.929 
0.550 2.243 2.243 
0.417 0.832 0.832 
0.451 1.335 1.335 
0.434 0.974 0.974 
0.285 1.160 1.160 
0.317 1.411 1.411 
0.384 0.930 0.930 
0.300 0.974 0.974 
0.534 1.564 1.564 
0.283 1.073 1.073 
0.299 1.368 1.368 
0.267 1.705 1.705 
0.300 0.907 0.907 
0.383 0.896 0.896 
0.333 2.758 2.758 
0.568 1.302 1.302 
0.367 1.247 1.247 
0.284 0.766 0.766 
0.568 1.444 1.444 
0.601 1.225 1.225 
0.383 1.269 1.269 
0.251 0.942 0.942 
0.300 1.028 1.028 
0.366 2.200 2.200 
0.433 1.411 1.411 
0.301 1.006 1.006 
0.450 0.754 0.754 
0.484 1.138 1.138 
0.283 1.159 1.159 
0.251 1.192 1.192 
0.317 1.684 1.684 
0.334 0.864 0.864 
0.367 1.816 1.816 
0.400 1.576 1.576 
0.233 1.357 1.357 
0.301 0.963 0.963 
0.518 1.260 1.260 
0.217 2.844 2.844 
0.567 1.816 1.816 
0.500 0.963 0.963 
0.400 0.854 0.854 
0.433 1.641 1.641 
0.300 0.798 0.798 
0.384 1.028 1.028 
0.584 0.952 0.952 
0.417 1.017 1.017 
0.417 0.842 0.842 
0.300 1.094 1.094 
0.400 1.422 1.422 
0.451 0.864 0.864 
0.468 1.531 1.531 
0.367 1.729 1.729 
0.350 1.990 1.990 
0.600 1.991 1.991 
0.217 2.068 2.068 
0.551 1.247 1.247 
0.566 0.984 0.984 
0.517 1.138 1.138 
0.250 1.947 1.947 
0.300 1.542 1.542 
0.334 1.684 1.684 
0.468 1.608 1.608 
0.250 1.554 1.554 
0.485 1.499 1.499 
0.250 1.082 1.082 
0.468 1.095 1.095 
0.401 0.984 0.984 
0.517 0.820 0.820 
0.484 1.783 1.783 
0.567 1.750 1.750 
0.551 1.017 1.017 
0.334 0.888 0.888 
0.484 1.051 1.051 
0.284 1.848 1.848 
0.217 1.500 1.500 
0.501 1.280 1.280 
0.402 2.319 2.319 
0.400 0.678 0.678 
0.567 3.577 3.577 
0.451 1.542 1.542 
0.450 0.995 0.995 
0.551 0.733 0.733 
0.517 1.640 1.640 
0.434 0.886 0.886 
0.283 0.667 0.667 
0.301 1.466 1.466 
0.551 0.744 0.744 
0.217 1.509 1.509 
<><><><><><><><> 
RT (mean):  1.41 
Consistency:  0.30 
Self Consistency:  0.84 
<><><><><><><><> 
End: 02-Oct-2014 17:14:38 
