<><><><><><><><> 
Begin: 02-Oct-2014 16:15:20 
Matlab version  8.2.0.701 (R2013b) 
Psychtoolbox version  3.0.11 
Subjid: s33 Run Number: 2 
<><><><><><><><> 
Columns info in data file: 
1. left indvd 2. # right indvd  
3. response (left - 1 :: right - 2) 4. RT  
<><><><><><><><> 
Columns info in (this) info file: 
1. Stimulus start time (from trial start) 2. Stimulus off-time(from stimulus start time) 
3. RT or max response duration, if no response (from stimulus start time) 
 
1.001 2.368 2.368 
0.534 1.862 1.862 
0.567 2.361 2.361 
0.250 1.300 1.300 
0.567 2.695 2.695 
0.450 3.714 3.714 
0.250 1.454 1.454 
0.316 1.640 1.640 
0.418 2.341 2.341 
0.585 3.150 3.150 
0.585 0.897 0.897 
0.267 3.051 3.051 
0.584 2.046 2.046 
0.583 2.574 2.574 
0.401 2.504 2.504 
0.516 3.707 3.707 
0.267 3.981 5.989 
0.367 2.133 2.133 
0.567 3.597 3.597 
0.517 1.532 1.532 
0.584 1.302 1.302 
0.468 2.428 2.428 
0.217 2.625 2.625 
0.535 2.154 2.154 
0.584 2.779 2.779 
0.466 3.554 3.554 
0.500 2.679 2.679 
0.501 1.509 1.509 
0.367 1.946 1.946 
0.468 1.586 1.586 
0.267 1.280 1.280 
0.484 2.199 2.199 
0.216 1.302 1.302 
0.317 2.996 2.996 
0.216 2.593 2.593 
0.235 4.004 5.999 
0.534 2.855 2.855 
0.484 1.968 1.968 
0.334 3.991 5.995 
0.583 2.515 2.515 
0.217 1.729 1.729 
0.383 2.997 2.997 
0.350 1.258 1.258 
0.516 3.960 3.960 
0.517 3.161 3.161 
0.283 2.953 2.953 
0.401 1.510 1.510 
0.385 1.925 1.925 
0.467 3.664 3.664 
0.484 2.309 2.309 
0.501 1.640 1.640 
0.317 2.713 2.713 
0.467 1.553 1.553 
0.468 2.407 2.407 
0.267 1.587 1.587 
0.250 2.645 2.645 
0.401 2.210 2.210 
0.585 1.181 1.181 
0.334 2.286 2.286 
0.434 2.768 2.768 
0.285 3.883 3.883 
0.501 1.301 1.301 
0.300 0.952 0.952 
0.400 1.432 1.432 
0.483 2.790 2.790 
0.566 2.558 2.558 
0.583 2.110 2.110 
0.417 1.674 1.674 
0.251 1.226 1.226 
0.267 1.794 1.794 
0.300 3.380 3.380 
0.533 1.224 1.224 
0.300 2.089 2.089 
0.533 2.089 2.089 
0.300 1.597 1.597 
0.566 4.004 6.000 
0.350 2.166 2.166 
0.284 2.570 2.570 
0.301 2.987 2.987 
0.450 1.598 1.598 
0.384 1.761 1.761 
0.350 2.384 2.384 
0.534 1.608 1.608 
0.434 1.695 1.695 
0.418 2.253 2.253 
0.567 1.783 1.783 
0.317 3.094 3.094 
0.501 1.717 1.717 
0.501 1.030 1.030 
0.350 1.401 1.401 
0.434 1.104 1.104 
0.234 2.569 2.569 
0.216 3.140 3.140 
0.417 1.794 1.794 
0.516 1.848 1.848 
0.568 2.494 2.494 
0.250 1.923 1.923 
0.433 2.176 2.176 
0.384 2.615 2.615 
0.200 2.647 2.647 
0.334 1.357 1.357 
0.266 1.510 1.510 
0.518 1.236 1.236 
0.334 1.334 1.334 
0.418 1.171 1.171 
0.266 2.242 2.242 
0.450 2.440 2.440 
0.301 1.421 1.421 
0.467 1.718 1.718 
0.484 1.871 1.871 
0.501 1.968 1.968 
0.385 1.870 1.870 
0.234 1.390 1.390 
0.299 3.994 4.223 
0.567 1.072 1.072 
0.266 1.345 1.345 
0.533 2.221 2.221 
0.417 2.746 2.746 
0.600 1.465 1.465 
0.234 2.636 2.636 
0.385 1.500 1.500 
0.250 2.395 2.395 
0.585 2.363 2.363 
0.200 2.232 2.232 
0.517 3.020 3.020 
0.534 3.236 3.236 
0.551 3.893 3.893 
0.233 3.269 3.269 
0.367 2.734 2.734 
0.301 3.054 3.054 
0.517 1.367 1.367 
0.367 2.307 2.307 
0.567 2.024 2.024 
0.267 1.336 1.336 
0.300 0.865 0.865 
0.267 0.842 0.842 
0.250 2.384 2.384 
0.551 1.203 1.203 
0.434 1.662 1.662 
0.417 1.302 1.302 
0.267 1.565 1.565 
0.551 3.259 3.259 
0.450 2.286 2.286 
0.350 2.177 2.177 
0.400 2.592 2.592 
0.368 0.952 0.952 
0.233 2.045 2.045 
0.300 1.903 1.903 
0.251 2.724 2.724 
0.284 1.214 1.214 
0.300 3.270 3.270 
0.368 2.384 2.384 
0.217 3.554 3.554 
0.568 3.989 4.202 
0.583 2.952 2.952 
0.400 2.352 2.352 
0.400 1.664 1.664 
0.334 1.303 1.303 
0.567 1.213 1.213 
0.351 1.444 1.444 
0.251 1.619 1.619 
0.518 1.444 1.444 
0.351 1.345 1.345 
0.300 1.334 1.334 
0.368 1.182 1.182 
0.233 0.011 0.011 
0.251 3.509 3.509 
0.584 2.975 2.975 
0.583 1.280 1.280 
0.434 2.099 2.099 
0.234 1.859 1.859 
0.301 1.192 1.192 
0.350 1.204 1.204 
0.534 1.827 1.827 
0.216 1.389 1.389 
0.216 1.247 1.247 
0.268 1.280 1.280 
0.467 1.969 1.969 
0.500 3.181 3.181 
0.467 1.858 1.858 
0.384 1.597 1.597 
0.417 3.620 3.620 
0.317 0.963 0.963 
0.501 2.143 2.143 
0.283 1.390 1.390 
0.483 1.816 1.816 
0.284 1.564 1.564 
0.350 2.089 2.089 
0.451 1.302 1.302 
0.517 1.826 1.826 
0.234 3.916 3.916 
0.568 1.061 1.061 
0.517 1.312 1.312 
0.400 3.314 3.314 
0.384 2.122 2.122 
0.384 2.374 2.374 
0.318 1.751 1.751 
0.400 1.674 1.674 
0.401 2.834 2.834 
0.534 1.749 1.749 
0.518 1.476 1.476 
0.467 1.104 1.104 
0.350 3.795 3.795 
0.533 1.607 1.607 
0.418 3.018 3.018 
0.350 2.844 2.844 
0.583 2.536 2.536 
0.551 3.992 5.996 
0.417 1.018 1.018 
0.450 1.629 1.629 
0.433 2.068 2.068 
0.284 3.991 4.037 
0.318 1.793 1.793 
0.383 1.542 1.542 
0.300 2.100 2.100 
0.534 1.684 1.684 
0.284 2.767 2.767 
0.300 2.133 2.133 
0.267 1.903 1.903 
0.299 1.073 1.073 
0.384 1.062 1.062 
0.333 1.204 1.204 
0.568 1.980 1.980 
0.367 3.894 3.894 
0.283 2.570 2.570 
0.567 3.249 3.249 
0.601 1.214 1.214 
0.384 2.681 2.681 
0.250 1.958 1.958 
0.300 1.324 1.324 
0.367 2.571 2.571 
0.433 2.265 2.265 
0.300 3.064 3.064 
0.450 1.675 1.675 
0.484 1.422 1.422 
0.284 3.893 3.893 
0.250 0.831 0.831 
0.317 1.127 1.127 
0.334 1.258 1.258 
0.367 2.615 2.615 
0.400 4.002 6.001 
0.234 3.728 3.728 
0.301 1.378 1.378 
0.517 1.629 1.629 
0.217 2.253 2.253 
0.567 0.810 0.810 
0.501 1.859 1.859 
0.400 0.985 0.985 
0.434 1.029 1.029 
0.301 2.012 2.012 
0.384 2.766 2.766 
0.584 1.563 1.563 
0.417 1.259 1.259 
0.417 2.003 2.003 
0.300 0.820 0.820 
0.400 3.709 3.709 
0.451 2.756 2.756 
0.467 1.390 1.390 
0.366 1.783 1.783 
0.350 2.691 2.691 
0.601 1.007 1.007 
0.217 2.429 2.429 
0.551 1.389 1.389 
0.568 2.252 2.252 
0.518 4.002 6.000 
0.250 1.017 1.017 
0.301 1.444 1.444 
0.334 2.843 2.843 
0.468 4.004 4.108 
0.251 1.794 1.794 
0.484 3.403 3.403 
0.250 3.380 3.380 
0.467 2.406 2.406 
0.401 1.837 1.837 
0.517 3.995 5.995 
0.484 2.592 2.592 
0.567 1.202 1.202 
0.551 1.247 1.247 
0.333 2.986 2.986 
0.484 2.558 2.558 
0.283 2.231 2.231 
0.217 2.285 2.285 
0.500 1.389 1.389 
0.400 1.739 1.739 
0.400 1.379 1.379 
0.568 2.001 2.001 
0.451 1.619 1.619 
0.451 1.488 1.488 
0.550 1.433 1.433 
0.517 1.247 1.247 
0.434 0.842 0.842 
0.284 3.314 3.314 
0.301 3.993 5.994 
0.551 1.248 1.248 
0.216 1.608 1.608 
<><><><><><><><> 
RT (mean):  2.08 
Consistency:  0.11 
Self Consistency:  0.68 
<><><><><><><><> 
End: 02-Oct-2014 16:28:15 
