85,94,2,4.4201
66,113,1,1.1822
78,119,1,1.6633
76,113,1,2.331
99,69,2,2.649
70,117,1,0.88743
105,95,2,2.1226
113,68,2,0.99563
71,109,1,1.4558
93,106,1,1.3347
101,78,2,2.3428
92,77,2,1.2585
101,109,2,3.0994
111,102,2,3.3152
109,96,1,2.2874
111,84,1,5.0558
86,96,1,3.8111
85,99,1,3.5355
108,68,2,1.1488
101,96,2,2.9655
120,119,2,1.8509
112,116,1,3.3384
97,63,1,2.4735
104,120,1,2.3871
119,86,2,1.4455
76,68,2,3.0322
97,64,2,2.8231
116,71,2,2.189
82,74,2,2.3422
93,119,1,2.0803
69,65,2,4.2551
72,97,1,2.3643
114,113,1,2.6044
69,119,1,2.5173
77,111,1,2.0574
116,64,2,0.84237
104,95,1,2.288
94,83,2,2.0681
87,81,1,2.0902
66,70,2,3.6117
96,84,2,3.1086
67,117,2,1.0838
93,118,2,0.011149
75,94,2,5.4215
107,69,1,2.288
74,120,1,2.4741
73,117,1,2.6269
112,109,2,4.1473
73,87,1,5.1329
97,107,2,4.2783
111,69,1,1.3569
96,120,1,2.1344
105,100,2,0.81061
76,98,1,1.7505
115,102,2,2.3747
95,87,2,2.003
84,82,1,1.4994
78,116,1,1.2803
86,115,1,3.6985
103,93,2,1.3461
111,62,1,4.1957
67,61,1,1.6086
120,76,2,1.0397
97,95,1,3.4038
76,82,1,3.1074
108,86,2,1.5106
75,70,2,4.1146
87,66,1,2.201
107,113,1,1.4446
108,63,2,2.0575
83,72,2,2.211
85,63,1,1.9039
78,82,1,3.7763
102,112,1,2.3866
120,101,2,3.0534
95,68,2,4.1531
67,82,1,1.554
114,83,2,1.1168
69,80,1,1.1933
101,89,2,2.6161
110,113,1,1.7195
87,84,1,2.4078
72,119,1,1.7513
82,77,2,2.3101
76,94,1,2.8454
70,106,1,4.4536
117,97,2,1.7178
108,113,2,4.6718
112,91,2,2.9768
116,70,2,1.0401
98,111,1,2.1896
73,103,1,2.5715
110,80,1,3.6447
75,111,1,2.0247
93,97,1,1.0398
86,64,2,1.0837
91,78,2,2.1883
95,114,2,4.9574
82,107,2,4.4143
100,106,1,2.2772
75,118,1,1.3036
91,81,2,1.3466
67,79,2,1.1275
103,99,2,2.3761
108,101,2,3.9065
90,93,2,1.0838
112,101,1,2.627
63,65,2,1.7944
102,66,2,3.262
108,114,2,1.7847
105,120,2,4.7373
109,86,2,3.2291
76,85,2,2.4735
74,95,1,1.7072
118,77,2,4.2991
70,88,1,1.7182
92,95,1,2.9991
109,64,2,2.6488
116,81,2,2.7613
109,80,1,1.7956
92,82,1,2.3526
99,79,2,2.2223
104,113,1,2.3193
112,67,2,4.6069
68,61,1,3.7976
96,66,2,2.09
106,67,1,3.0974
86,110,2,5.6688
88,103,1,2.5618
87,89,1,1.4445
67,110,2,1.4559
80,68,2,2.8463
103,74,2,2.4087
71,72,2,2.0904
114,87,2,4.3279
73,97,1,1.686
90,107,2,1.1274
65,86,1,3.2404
62,119,2,4.4427
69,113,1,2.6166
78,111,1,2.539
83,85,1,3.8848
113,62,2,2.648
119,63,2,4.2834
81,106,1,3.4583
120,108,1,1.2919
68,119,2,4.3
72,102,2,4.9024
98,107,2,3.6223
86,112,1,1.8938
99,70,2,1.2808
98,106,2,2.2761
115,117,1,3.3059
92,104,1,4.4967
91,102,2,1.7186
98,87,2,1.3461
68,66,2,2.8774
101,73,2,4.1462
113,80,2,1.4553
64,73,1,3.7418
71,87,1,3.7866
117,93,2,2.6272
63,78,2,4.3934
74,110,1,3.6438
78,64,2,2.5937
70,82,1,2.3644
118,89,2,3.7645
76,71,2,4.4646
111,64,2,4.3882
67,70,2,1.1052
88,61,2,2.4299
98,74,2,1.4562
86,120,1,1.6191
112,108,1,3.3707
71,81,1,4.2722
95,79,1,2.0248
110,101,1,1.9264
67,113,2,1.5978
98,79,2,3.5904
100,62,1,1.4562
64,90,1,1.4237
109,114,1,3.2926
119,113,1,2.5396
67,108,1,1.9919
74,109,2,2.5286
78,93,2,1.6753
77,117,1,1.7394
72,78,1,2.452
75,110,1,3.511
115,84,2,3.1304
86,117,2,3.93
72,67,1,1.6192
85,66,2,1.2151
107,118,1,2.3194
103,117,1,4.799
69,77,1,2.5277
74,96,1,2.0796
102,100,2,2.289
61,93,2,1.9481
89,113,1,2.7906
119,115,1,5.3834
89,88,2,3.8735
117,84,2,3.7762
87,88,2,2.3761
79,80,1,2.7139
70,61,1,2.9241
90,116,2,1.6521
108,72,2,1.1713
110,62,1,2.8117
73,85,2,2.4856
108,81,2,2.6041
114,91,1,4.2013
83,69,2,1.9159
114,115,1,4.7546
98,63,1,4.2996
115,85,2,2.1681
86,87,2,1.1278
79,92,2,2.0674
104,109,1,3.2837
106,102,1,4.5031
105,109,2,3.6116
87,74,2,1.7626
99,109,2,2.3541
63,86,1,3.9519
81,70,2,2.331
93,91,1,1.696
74,97,1,4.3497
71,107,1,1.566
101,103,1,1.6734
119,117,1,0.011014
68,64,2,4.8146
80,119,2,3.0321
112,117,1,4.2945
61,72,2,1.4558
106,76,2,5.7774
86,81,1,2.2874
89,119,1,2.8684
113,101,2,4.6275
99,61,1,3.9402
100,66,1,1.5426
97,108,1,1.1722
118,98,1,1.9157
97,65,2,3.5677
106,91,1,1.4446
107,108,1,2.6718
94,98,1,3.6559
115,111,1,4.416
101,105,1,1.5657
100,79,1,2.5827
71,102,1,4.2449
69,106,1,4.4537
85,70,2,4.1248
91,77,2,3.4807
83,87,2,3.188
118,62,2,3.9081
61,64,2,2.4621
95,100,2,1.302
65,89,1,1.2364
87,93,2,3.9723
100,97,1,1.3896
83,96,1,1.7725
95,112,2,4.3007
101,85,2,1.4336
72,63,1,1.62
96,93,2,3.2299
72,79,1,3.9167
116,120,2,5.2147
87,97,1,1.9594
93,94,1,2.3758
92,76,1,3.7441
71,62,2,4.5248
65,106,1,3.459
114,99,1,2.0909
117,113,1,4.0817
87,68,2,4.8139
88,90,1,1.193
92,118,1,3.5461
116,82,1,3.1511
85,95,1,3.0094
117,102,2,1.8492
104,64,2,4.4976
113,94,2,4.0156
61,104,1,1.9038
63,94,1,1.7625
119,114,2,3.5466
72,91,1,1.3243
84,70,2,2.518
73,106,2,4.2348
98,88,2,2.2882
63,104,1,2.0144
65,110,1,1.7852
98,68,2,1.7283
77,115,1,2.2651
107,76,1,3.6993
88,67,1,1.6525
