<><><><><><><><> 
Begin: 14-Jan-2014 22:21:08 
Matlab version  8.2.0.701 (R2013b) 
Psychtoolbox version  3.0.11 - Flavor: beta - Corresponds to SVN Revision 4331
For more info visit:
https 
Subjid: s06 Run Number: 2 
<><><><><><><><> 
Columns info in data file: 
1. display side (left 1/right 0) 2. # indvd  3. # gend  
4. response (masc - 1 :: fem - 7) 5. RT  
<><><><><><><><> 
Columns info in (this) info file: 
1. Stimulus start time (from trial start) 2. Stimulus off-time(from stimulus start time) 
3. RT or max response duration, if no response (from stimulus start time) 
 
1.001 1.444 1.444 
0.350 1.051 1.051 
0.484 1.468 1.468 
0.250 1.216 1.216 
0.616 1.359 1.359 
0.467 1.271 1.271 
0.350 1.008 1.008 
0.367 0.997 0.997 
0.933 1.172 1.172 
0.751 0.844 0.844 
0.584 0.526 0.526 
0.935 1.304 1.304 
0.283 1.227 1.227 
0.801 0.745 0.745 
0.785 0.855 0.855 
0.651 0.854 0.854 
0.350 1.073 1.073 
0.684 1.106 1.106 
0.450 0.701 0.701 
0.317 0.975 0.975 
0.366 0.756 0.756 
0.918 0.964 0.964 
0.267 0.788 0.788 
0.400 1.829 1.829 
0.250 1.063 1.063 
0.552 0.712 0.712 
0.217 1.369 1.369 
0.919 1.238 1.238 
0.366 0.854 0.854 
0.284 1.052 1.052 
0.452 1.096 1.096 
0.568 1.085 1.085 
0.285 1.752 1.752 
1.002 1.095 1.095 
0.467 1.051 1.051 
0.435 0.932 0.932 
0.250 0.701 0.701 
0.434 1.227 1.227 
0.234 1.216 1.216 
0.601 0.701 0.701 
0.816 0.799 0.799 
0.700 1.162 1.162 
0.266 0.964 0.964 
0.267 1.369 1.369 
0.818 0.898 0.898 
0.934 1.337 1.337 
0.635 1.501 1.501 
0.284 1.281 1.281 
0.869 0.745 0.745 
0.466 2.158 2.158 
0.433 1.314 1.314 
0.801 1.139 1.139 
0.216 1.063 1.063 
0.250 1.063 1.063 
0.735 1.008 1.008 
0.684 1.227 1.227 
0.618 0.723 0.723 
0.784 1.249 1.249 
0.767 1.008 1.008 
0.833 1.369 1.369 
0.434 1.424 1.424 
0.750 1.117 1.117 
0.651 0.909 0.909 
0.518 0.953 0.953 
0.251 0.778 0.778 
0.834 1.972 1.972 
0.468 1.304 1.304 
0.684 1.402 1.402 
0.800 1.282 1.282 
0.283 0.624 0.624 
0.301 1.424 1.424 
0.650 1.314 1.314 
0.585 1.336 1.336 
0.918 1.479 1.479 
0.835 1.030 1.030 
0.784 1.162 1.162 
0.250 0.646 0.646 
0.266 1.008 1.008 
0.267 0.943 0.943 
0.835 0.844 0.844 
0.952 2.103 2.103 
0.751 1.292 1.292 
0.316 0.953 0.953 
0.785 2.114 2.114 
0.284 1.161 1.161 
0.300 1.227 1.227 
0.718 1.314 1.314 
0.468 0.832 0.832 
0.734 0.964 0.964 
0.801 0.986 0.986 
0.667 1.303 1.303 
0.801 1.150 1.150 
0.384 1.051 1.051 
0.785 0.953 0.953 
0.984 0.733 0.733 
0.901 1.030 1.030 
0.267 1.096 1.096 
0.501 0.701 0.701 
0.501 0.985 0.985 
0.752 1.281 1.281 
0.683 0.865 0.865 
0.833 3.175 3.175 
0.501 1.588 1.588 
0.368 1.040 1.040 
0.267 1.183 1.183 
0.818 1.347 1.347 
0.367 1.205 1.205 
0.518 1.019 1.019 
0.651 1.621 1.621 
0.383 0.777 0.777 
0.717 1.128 1.128 
0.584 0.821 0.821 
0.317 1.205 1.205 
0.833 1.676 1.676 
0.285 0.832 0.832 
0.434 0.712 0.712 
0.399 0.701 0.701 
0.634 1.018 1.018 
0.284 1.533 1.533 
0.534 1.204 1.204 
0.283 1.183 1.183 
0.299 3.242 3.242 
0.834 1.139 1.139 
0.434 1.019 1.019 
0.685 0.865 0.865 
0.969 1.040 1.040 
0.551 1.129 1.129 
0.751 1.336 1.336 
0.802 1.008 1.008 
0.552 1.237 1.237 
0.734 0.942 0.942 
0.285 1.665 1.665 
0.951 0.909 0.909 
0.351 1.216 1.216 
0.418 1.862 1.862 
0.835 1.260 1.260 
0.601 2.169 2.169 
0.819 1.041 1.041 
0.518 0.833 0.833 
0.418 1.753 1.753 
0.235 2.826 2.826 
0.734 1.741 1.741 
0.551 1.741 1.741 
0.568 1.183 1.183 
0.684 1.161 1.161 
0.250 1.128 1.128 
0.450 1.402 1.402 
0.818 1.292 1.292 
0.768 1.217 1.217 
0.301 1.479 1.479 
0.301 1.030 1.030 
0.283 1.347 1.347 
0.216 1.249 1.249 
0.534 0.800 0.800 
0.734 0.767 0.767 
0.784 0.876 0.876 
0.633 1.030 1.030 
0.283 2.651 2.651 
0.700 1.490 1.490 
0.300 1.632 1.632 
0.317 2.256 2.256 
0.284 0.997 0.997 
0.317 1.063 1.063 
0.335 0.909 0.909 
0.367 0.854 0.854 
0.451 1.040 1.040 
0.450 1.578 1.578 
0.384 1.665 1.665 
0.400 1.358 1.358 
0.918 1.862 1.862 
0.768 1.402 1.402 
0.651 0.811 0.811 
0.350 1.052 1.052 
0.367 1.084 1.084 
0.268 1.118 1.118 
0.934 1.107 1.107 
0.769 0.767 0.767 
0.651 0.767 0.767 
0.451 1.468 1.468 
0.334 0.745 0.745 
0.701 1.369 1.369 
1.001 1.391 1.391 
0.334 1.150 1.150 
0.417 1.151 1.151 
0.517 0.942 0.942 
0.267 1.237 1.237 
0.752 0.898 0.898 
0.517 1.128 1.128 
0.984 1.665 1.665 
0.517 0.909 0.909 
0.702 1.205 1.205 
0.334 0.986 0.986 
0.516 1.228 1.228 
0.334 1.424 1.424 
0.801 0.997 0.997 
0.902 1.359 1.359 
0.484 1.818 1.818 
0.751 0.909 0.909 
0.435 1.578 1.578 
0.634 1.052 1.052 
0.869 0.876 0.876 
0.685 0.887 0.887 
0.468 1.139 1.139 
0.434 0.855 0.855 
0.567 0.767 0.767 
0.533 1.226 1.226 
0.485 1.654 1.654 
0.652 1.238 1.238 
0.800 1.008 1.008 
0.551 1.183 1.183 
0.551 0.898 0.898 
0.300 1.194 1.194 
0.217 1.534 1.534 
0.434 1.599 1.599 
0.450 1.380 1.380 
0.718 1.193 1.193 
0.968 1.468 1.468 
0.952 1.971 1.971 
0.567 0.898 0.898 
0.400 0.996 0.996 
0.819 1.008 1.008 
0.818 1.468 1.468 
0.801 0.789 0.789 
0.802 0.756 0.756 
0.283 1.654 1.654 
0.751 2.136 2.136 
0.568 3.637 3.637 
0.368 1.128 1.128 
0.284 0.866 0.866 
0.868 1.194 1.194 
0.350 1.150 1.150 
0.335 1.019 1.019 
0.735 1.873 1.873 
0.919 1.830 1.830 
0.618 1.161 1.161 
0.769 1.818 1.818 
0.318 1.129 1.129 
0.968 0.745 0.745 
0.634 0.942 0.942 
0.751 0.855 0.855 
<><><><><><><><> 
Response (Std deviation):  2.09 
RT (mean):  1.21 
Consistency:  0.80 
<><><><><><><><> 
End: 14-Jan-2014 22:28:22 
