001,030,026,011,050,007,047,041,039,044,024,034
056,050,038,055,048,017,036,043,060,028,004,012
008,016,017,019,049,021,048,056,017,056,028,046
018,028,046,013,023,012,004,010,028,053,014,044
056,032,009,008,022,015,006,057,058,049,039,033
026,008,058,060,051,037,048,027,009,005,017,015
053,057,048,044,039,018,017,005,047,015,009,044
024,050,021,017,040,042,042,032,046,021,002,022
034,026,059,020,035,036,037,030,014,029,006,053
021,031,039,045,030,040,029,056,008,052,055,025
006,028,013,050,010,057,003,046,054,025,016,051
017,029,020,010,018,040,005,042,042,026,013,014
021,047,031,034,028,043,028,020,055,056,056,047
010,048,008,042,023,024,005,032,046,059,017,020
015,050,048,018,035,021,053,014,035,024,046,048
035,014,002,026,057,039,041,059,031,040,001,057
048,025,042,012,005,012,048,021,013,030,006,060
043,037,031,019,027,043,025,044,058,021,024,008
027,033,034,020,024,005,011,046,025,038,002,042
023,047,045,028,006,050,010,029,003,047,036,050
046,027,049,024,053,033,025,047,040,048,022,029
054,002,048,034,043,026,004,003,006,032,024,055
017,043,045,052,029,051,056,045,054,019,023,014
002,013,047,032,023,056,013,054,034,038,043,055
009,022,052,038,060,032,020,056,025,036,051,011
011,015,051,044,025,012,007,004,050,060,052,029
002,024,050,045,010,008,022,008,002,008,031,044
055,017,029,048,004,015,019,060,057,029,040,026
025,056,009,039,030,024,012,017,048,031,022,027
005,006,049,006,027,032,007,042,034,054,059,004
047,018,051,045,041,002,015,014,009,001,042,037
004,030,001,026,043,021,060,018,031,051,030,048
024,011,050,016,014,045,016,027,044,020,002,012
023,009,009,038,011,033,006,008,028,016,049,036
016,021,007,003,013,057,034,030,027,020,017,010
006,041,020,046,036,017,046,052,037,001,015,052
060,029,038,050,030,041,022,005,032,023,050,058
011,032,031,020,002,018,002,014,017,040,004,029
059,003,010,046,023,049,004,019,054,003,026,019
041,054,051,008,011,053,049,009,043,053,057,035
035,026,059,012,050,021,047,042,038,060,020,024
019,055,023,011,025,019,034,025,037,026,032,058
027,035,032,052,015,018,029,040,017,042,040,036
004,009,008,047,056,040,031,045,022,010,055,013
012,043,036,045,051,014,058,055,002,016,017,045
050,035,011,041,003,012,056,037,043,015,046,014
016,043,009,048,055,036,019,007,025,020,053,034
051,052,022,030,021,039,037,015,002,053,045,004
016,049,037,053,018,030,024,014,058,012,038,033
031,032,029,016,011,025,051,013,041,060,043,059
047,005,023,008,039,028,047,002,039,013,046,049
021,038,021,006,040,001,020,026,029,038,051,053
033,005,049,057,006,038,010,033,003,043,025,003
057,024,039,022,050,009,032,021,057,028,036,019
046,041,037,055,031,057,019,043,059,026,041,025
001,060,031,052,020,018,012,028,030,007,033,042
010,026,025,021,034,058,001,046,027,017,019,011
038,020,035,041,039,054,023,050,007,015,024,059
047,048,019,027,007,011,001,059,011,006,041,058
042,029,039,030,010,024,039,010,012,013,039,055
026,009,036,029,016,030,017,004,023,042,022,023
016,022,011,012,002,032,030,036,014,011,032,025
029,031,018,053,049,031,054,015,024,040,051,050
009,060,045,038,023,030,005,049,005,001,033,047
012,008,018,054,054,051,009,040,049,020,056,049
060,048,038,011,024,031,047,028,050,012,024,036
027,042,025,022,011,021,060,037,045,019,048,054
050,040,039,014,049,042,052,018,017,013,024,026
035,055,060,002,027,003,015,060,004,033,023,001
045,025,026,053,059,014,041,028,038,008,053,010
009,016,045,003,023,041,018,049,019,059,043,007
018,041,028,059,059,007,002,031,011,048,028,035
058,040,036,016,058,043,035,060,038,002,027,002
053,029,015,031,034,018,039,046,003,010,044,035
031,014,020,012,045,032,033,035,013,044,001,016
013,056,035,022,006,055,047,036,060,045,009,056
049,043,008,054,042,004,060,053,034,040,039,011
007,037,046,050,044,001,009,031,010,006,022,004
049,027,020,009,006,054,007,029,008,045,039,040
025,013,008,041,040,028,018,012,017,044,046,047
020,053,059,051,001,038,026,014,020,004,058,014
028,038,007,006,034,015,040,007,035,047,047,012
036,021,015,041,057,060,016,004,005,015,037,004
017,037,004,053,021,022,055,021,016,041,052,016
045,012,005,010,017,057,040,019,048,037,020,039
009,030,054,053,040,008,027,036,020,033,008,007
033,036,057,023,026,051,044,038,003,016,050,047
053,001,052,040,025,002,005,055,004,047,044,043
039,026,008,015,051,058,004,050,024,045,049,025
058,002,049,037,050,010,023,002,052,048,005,007
025,035,022,006,003,037,006,024,020,013,036,002
028,036,029,013,041,024,040,022,053,035,029,028
049,055,002,003,016,014,001,031,003,055,003,048
018,026,039,041,027,031,005,050,009,024,014,056
003,040,012,034,033,058,014,033,002,055,047,034
036,012,018,016,032,050,052,013,042,058,001,055
008,029,052,012,018,038,058,038,031,007,056,027
041,009,051,040,001,019,044,042,044,040,020,054
027,057,027,054,035,038,007,048,057,018,003,058
052,033,005,041,040,002,058,035,044,053,025,023
005,011,058,059,035,032,056,010,052,035,035,020
026,044,025,014,046,006,028,042,012,021,011,059
059,047,029,005,058,048,001,049,014,004,021,057
005,057,051,035,012,060,008,056,019,024,032,059
025,060,022,055,048,042,016,055,015,021,011,018
017,050,048,051,001,034,015,029,044,037,057,058
040,053,005,002,016,011,054,024,048,038,047,020
026,012,006,040,008,028,030,021,005,051,005,043
047,053,055,015,049,032,008,050,018,024,048,039
056,036,029,050,044,050,017,030,053,056,053,055
020,005,017,049,018,042,007,036,024,021,036,037
001,048,021,053,007,032,018,037,028,056,016,033
022,003,019,023,038,049,022,048,003,034,053,013
032,057,032,001,041,051,004,052,004,060,035,039
039,051,018,035,021,029,027,028,008,037,033,006
030,059,039,060,018,032,011,047,025,052,052,060
031,042,052,044,007,052,058,027,030,003,003,053
049,040,013,036,003,024,013,005,050,048,011,001
014,052,045,001,026,015,034,007,045,029,028,003
037,039,032,041,007,056,044,024,054,044,057,030
015,002,022,052,010,035,021,041,016,017,014,022
035,011,028,014,028,017,034,045,044,030,032,033
042,050,034,013,035,059,033,003,033,050,021,052
025,018,054,021,038,047,041,027,029,002,034,042
042,045,020,011,036,015,005,039,019,012,029,024
021,010,007,051,058,020,031,033,060,047,023,059
054,060,053,032,001,036,027,053,035,048,045,007
024,033,046,031,049,022,038,041,029,027,022,033
025,043,049,008,059,010,026,028,017,006,008,001
015,048,010,031,043,054,060,024,057,043,029,025
016,056,028,044,025,008,054,046,017,002,058,044
060,026,011,055,029,039,028,013,012,041,038,054
022,031,044,036,008,055,016,040,004,013,057,036
038,014,048,013,041,010,002,051,010,027,035,019
045,047,005,037,054,023,054,031,041,034,026,038
023,020,045,059,055,045,046,044,052,058,037,002
013,035,036,060,006,029,015,016,059,031,019,016
031,012,056,019,043,060,031,006,055,010,005,045
019,044,049,054,058,023,024,047,029,009,007,026
006,014,018,021,041,053,036,010,052,006,056,043
047,037,003,011,040,010,007,024,030,012,044,045
013,060,054,052,044,047,060,008,040,005,052,059
056,015,060,007,008,004,028,001,022,020,003,021
020,042,019,057,025,027,011,050,054,057,016,007
045,026,033,028,038,013,055,030,046,018,046,060
002,052,019,022,057,041,014,009,041,003,028,050
017,060,054,005,053,016,029,059,027,034,038,051
018,059,018,006,051,032,053,049,007,057,031,013
026,004,054,004,058,046,047,007,045,040,040,027
037,032,002,057,034,004,055,027,028,010,025,046
013,024,045,053,055,047,002,007,023,033,042,054
025,042,057,022,012,009,019,032,025,006,033,009
021,059,019,047,027,051,010,016,058,016,028,049
011,028,005,031,039,001,053,023,044,015,044,003
039,017,024,052,009,042,030,025,054,036,013,001
034,009,006,020,017,024,020,041,060,021,026,058
049,047,049,044,016,031,015,025,047,054,015,057
006,034,002,035,014,005,060,010,004,025,027,005
030,014,057,008,043,010,016,037,058,022,018,017
013,059,038,019,031,060,026,056,033,055,003,005
058,006,010,030,007,046,036,011,037,014,049,002
019,049,031,026,001,050,031,003,042,055,001,025
023,034,056,041,024,053,046,038,038,040,026,052
017,041,058,036,059,027,018,008,031,047,005,008
031,036,008,059,046,002,051,056,022,042,011,054
015,053,041,044,052,041,055,004,026,013,024,056
031,037,004,011,004,043,006,045,019,008,004,039
057,012,017,051,020,029,001,024,027,021,054,050
060,027,030,050,042,052,046,034,057,056,032,017
006,026,020,048,043,023,029,023,046,005,019,041
051,060,001,042,018,004,033,013,004,058,042,057
035,006,020,019,035,054,055,009,038,036,031,035
021,051,046,036,039,003,054,056,013,021,011,040
025,028,007,039,024,048,060,044,022,059,015,006
017,033,019,009,026,030,030,046,044,018,034,002
023,052,034,055,011,010,048,004,029,055,043,031
054,028,057,044,005,036,053,058,013,058,038,032
030,029,023,004,055,018,020,051,043,008,009,013
022,051,018,010,042,041,012,037,060,016,014,041
039,058,039,025,021,045,033,015,024,042,007,013
043,018,005,023,044,029,007,049,006,001,008,020
057,037,052,057,015,024,022,032,023,037,022,034
025,017,026,021,050,019,023,031,008,048,010,002
039,053,044,010,024,027,056,001,059,042,048,043
023,013,020,057,036,008,011,049,028,051,032,055
020,003,038,027,030,035,009,043,041,037,047,057
030,060,005,034,003,049,004,046,054,029,035,029
035,037,059,048,041,043,024,032,060,055,010,012
029,034,003,042,021,023,016,034,048,053,015,046
022,050,026,054,001,002,029,011,039,016,037,006
036,026,027,018,022,011,054,001,035,023,014,055
035,042,019,042,007,001,010,051,057,004,006,004
055,059,051,025,056,035,003,029,019,030,051,024
032,014,027,006,049,034,041,022,050,031,040,057
054,033,057,038,057,055,050,039,028,058,020,015
003,051,058,047,009,058,002,043,036,014,014,060
034,044,054,030,001,027,014,050,001,033,048,033
026,033,035,016,047,029,046,009,019,003,054,012
027,052,001,021,014,027,050,059,036,041,027,039
037,029,016,042,059,044,009,002,020,045,010,037
050,055,043,039,054,055,037,058,038,037,022,045
012,022,036,018,015,035,021,007,041,033,014,048
053,025,013,041,017,007,053,031,012,039,032,008
026,016,052,049,056,058,033,044,010,025,006,048
059,006,057,011,046,043,026,017,039,015,028,021
015,012,051,009,045,030,014,001,030,043,010,015
036,034,031,017,044,006,010,042,032,029,002,059
028,030,016,032,024,012,007,025,034,057,027,047
045,043,054,058,002,033,040,035,037,028,010,058
010,009,003,057,043,013,018,003,052,043,047,014
008,011,044,005,033,046,058,007,013,019,038,017
045,046,050,043,010,019,022,046,046,012,013,049
039,038,051,042,030,011,003,050,017,053,034,028
023,007,011,043,021,005,017,009,042,006,047,022
024,025,007,035,003,001,021,034,030,052,018,029
036,053,020,021,010,038,009,032,045,015,046,057
030,002,003,056,011,002,019,034,004,041,006,030
034,017,042,011,004,040,032,028,040,055,013,016
008,030,009,021,044,022,003,008,023,045,050,052
015,013,056,018,008,033,051,046,036,009,059,053
014,054,051,057,009,027,005,048,047,017,030,020
019,021,023,017,013,006,011,009,013,010,024,058
010,034,034,014,021,044,020,055,027,008,018,019
028,052,026,023,047,030,012,051,039,059,056,052
041,040,050,057,014,020,037,025,029,046,001,017
015,058,016,038,040,043,040,015,056,012,043,042
016,057,013,027,046,053,042,014,059,060,039,002
009,045,055,026,044,012,039,008,010,045,004,038
015,027,049,033,014,049,049,045,017,046,051,023
009,006,043,024,010,047,016,025,041,029,018,031
011,052,016,005,018,045,030,053,035,049,007,009
040,020,042,030,036,022,038,042,048,032,023,040
042,013,023,044,027,045,047,009,033,045,003,032
038,059,048,012,035,009,049,010,012,038,034,035
029,043,060,011,031,041,028,015,050,034,009,053
039,019,058,029,019,046,041,055,041,048,059,034
040,054,056,034,053,022,040,025,004,027,005,026
001,020,039,042,048,002,051,047,059,017,022,043
022,028,058,031,060,056,041,026,048,016,050,037
034,033,055,051,036,004,001,058,042,056,025,005
044,002,023,027,037,059,025,033,054,032,048,028
015,059,055,028,023,028,015,032,049,029,020,060
004,021,060,003,005,038,037,052,022,038,056,033
017,008,059,009,016,006,001,041,016,044,046,016
013,047,004,035,023,060,008,053,026,049,020,002
056,031,019,014,019,058,015,051,022,001,035,046
033,043,060,049,025,031,010,032,007,028,005,053
044,056,007,014,051,033,045,054,014,003,019,052
010,023,056,046,047,001,005,030,052,039,005,058
034,052,011,044,023,055,002,056,051,043,002,019
030,049,003,052,029,019,008,013,005,028,004,005
007,010,049,039,056,011,031,004,040,046,001,043
027,026,017,058,008,058,056,005,020,016,008,021
037,046,001,012,034,039,018,001,046,024,050,049
038,043,057,026,016,024,053,038,059,025,001,015
033,037,016,045,020,007,017,003,018,007,030,038
001,029,032,036,014,018,008,046,045,035,007,053
054,022,027,030,006,002,019,028,037,013,039,031
033,012,052,047,010,054,009,003,001,010,024,037
052,009,030,032,029,026,032,013,033,021,043,035
019,051,002,050,037,019,039,056,038,031,022,018
014,040,044,032,002,021,057,045,047,016,055,007
058,018,045,013,035,003,030,033,054,059,041,049
037,020,032,026,043,020,054,007,047,039,016,023
015,049,042,053,009,018,057,025,036,059,031,030
023,048,035,012,027,011,012,032,023,046,035,005
022,056,018,005,049,004,019,053,004,051,015,003
050,041,004,028,038,056,017,035,019,048,022,017
028,031,023,039,042,060,014,010,028,002,021,056
015,038,033,019,037,034,006,036,047,026,030,015
026,046,032,034,053,050,024,039,003,006,003,023
008,014,029,012,013,011,043,032,040,037,030,056
018,013,047,040,047,006,055,012,001,051,025,026
059,005,059,033,055,048,056,006,011,037,057,048
007,044,022,007,001,052,042,015,023,006,018,050
043,014,038,024,009,025,018,033,011,045,054,037
024,022,059,057,023,038,022,026,049,012,033,029
036,023,041,045,027,012,044,027,043,047,053,052
011,034,020,052,057,014,018,023,034,008,007,038
009,015,037,021,030,058,036,042,012,006,031,008
011,058,005,019,012,040,050,020,035,008,051,036
054,009,044,008,028,009,051,034,049,059,050,026
036,020,039,032,012,007,050,025,045,048,033,057
004,001,005,060,017,052,056,004,024,004,046,032
034,043,007,041,060,033,020,032,035,001,051,049
028,024,044,055,013,040,044,004,060,034,027,050
014,017,058,045,031,011,049,048,037,027,021,042
007,033,039,006,057,009,026,003,016,059,015,023
043,006,038,003,054,017,030,051,045,037,040,021
052,010,025,058,019,015,037,009,060,040,032,004
002,004,037,022,007,027,014,012,003,036,013,022
012,016,040,033,055,052,059,040,055,046,048,026
006,051,022,060,002,045,014,021,052,005,055,031
042,046,048,036,051,018,059,056,016,054,040,032
003,013,012,053,036,052,011,017,039,036,006,019
