050,058,060,025,028,008,021,025,013,001,016,002
044,004,024,007,003,056,055,051,022,042,013,057
046,033,009,005,043,057,048,056,056,004,002,020
015,058,021,054,054,011,041,059,034,049,031,056
013,036,039,038,013,028,048,042,059,027,045,028
056,047,015,021,029,057,046,058,036,005,017,057
039,025,002,008,002,024,006,014,009,041,014,052
045,003,015,048,057,059,029,011,045,047,046,027
035,040,052,049,047,038,037,020,011,059,031,012
054,041,021,028,013,017,050,010,036,043,020,019
050,027,008,043,004,015,039,033,049,051,046,022
038,032,050,001,018,013,053,040,055,016,004,007
041,028,019,026,022,041,034,056,036,031,043,028
059,005,060,030,060,002,033,020,056,044,003,014
034,044,034,021,017,008,001,012,048,020,051,041
039,007,004,033,016,048,007,015,059,040,060,004
050,045,024,040,033,019,017,035,041,044,029,037
051,040,017,023,001,046,005,039,032,050,053,027
001,032,049,053,060,022,013,030,009,006,029,054
051,058,057,002,018,039,039,034,014,010,032,018
025,028,019,050,023,029,058,013,025,037,043,020
039,055,011,030,006,030,001,007,015,039,014,031
049,002,047,014,048,059,053,024,034,041,018,017
019,045,005,035,053,029,048,018,010,048,014,015
060,001,016,031,058,047,032,028,041,006,045,032
022,028,017,056,032,012,011,013,043,060,031,001
032,023,050,020,016,018,040,025,003,055,057,018
059,052,059,006,004,053,036,006,036,016,030,035
027,028,057,005,055,032,030,020,025,050,005,013
037,041,014,013,011,004,013,055,047,028,034,045
005,055,042,053,054,006,018,011,043,022,006,043
041,039,043,041,028,050,049,042,044,033,025,010
055,001,009,037,021,051,004,018,057,026,045,004
052,044,010,005,036,018,005,001,008,009,057,023
035,033,031,034,019,023,048,029,028,005,034,035
051,026,018,051,050,026,004,050,003,031,053,058
012,040,001,038,051,035,011,024,041,013,016,043
026,056,021,004,052,017,042,026,047,050,006,058
004,057,053,044,039,020,054,056,021,036,011,002
052,029,011,047,054,043,050,042,029,025,033,034
004,028,045,024,024,019,035,012,006,008,015,040
022,033,052,060,052,023,011,023,024,023,052,032
051,025,040,018,031,054,005,045,051,043,011,019
038,004,017,038,049,057,031,046,044,017,006,035
016,011,016,001,001,009,004,012,041,024,046,011
034,042,021,056,031,004,023,060,053,048,019,039
056,041,029,013,060,057,006,001,058,012,024,013
008,040,053,003,007,036,052,041,032,036,038,005
046,020,017,048,021,040,008,030,043,013,029,019
053,060,058,026,023,020,005,044,027,058,056,059
047,032,050,005,053,031,018,001,048,033,005,024
036,059,035,024,008,012,032,024,022,010,058,030
020,006,002,056,042,033,016,028,048,055,017,050
009,052,029,031,006,060,026,041,049,028,009,049
032,053,016,005,029,010,012,054,017,026,023,014
029,033,022,001,007,033,008,059,051,006,044,035
055,031,025,036,012,030,022,014,045,029,029,034
028,051,004,009,008,003,010,032,030,002,042,023
050,012,018,010,030,042,044,031,040,057,032,003
009,051,013,052,052,057,036,056,058,039,043,040
049,060,046,045,056,013,058,023,015,037,056,020
059,004,003,035,060,031,046,041,014,054,028,024
044,014,036,037,010,027,053,037,024,037,030,015
031,059,017,005,044,059,014,021,051,020,010,017
020,034,023,055,002,028,019,043,019,013,046,049
044,036,041,053,021,005,036,022,054,037,035,041
051,060,048,009,051,050,059,013,001,025,021,022
052,056,027,040,044,016,050,033,024,057,007,029
016,021,052,025,009,034,028,060,035,059,025,049
038,059,058,041,027,033,045,018,029,050,034,003
034,015,016,040,052,024,026,035,043,045,058,056
044,018,010,020,008,042,058,005,057,030,019,055
037,007,056,007,052,030,042,041,025,034,015,017
043,044,052,047,048,032,028,058,057,056,052,036
058,060,036,050,039,049,044,047,026,043,021,058
011,041,045,021,033,041,032,039,037,010,036,046
050,018,016,010,034,010,002,040,014,040,053,019
047,055,040,030,049,058,054,003,012,043,027,035
024,022,011,017,030,027,042,031,034,058,049,040
013,034,037,045,048,008,009,013,020,007,038,057
053,028,033,021,034,027,052,008,011,052,052,039
047,015,024,048,037,042,042,012,031,007,035,025
035,031,043,023,043,027,039,045,039,008,054,045
042,002,014,012,021,059,048,004,020,026,057,033
051,032,011,038,046,057,003,041,022,047,011,014
012,015,047,019,032,017,049,011,059,029,041,055
036,017,052,031,010,054,007,021,002,034,021,048
041,005,051,012,041,045,010,045,004,041,025,023
060,010,020,028,047,013,041,021,060,059,019,049
023,008,033,006,006,046,008,055,043,039,018,056
056,051,018,015,017,055,007,016,019,057,008,044
012,013,058,014,022,020,036,054,054,016,030,010
028,040,044,022,021,057,056,029,026,010,016,051
036,001,027,051,006,016,013,015,040,032,010,008
003,025,042,009,058,004,055,059,043,035,013,004
047,033,008,035,053,023,026,011,034,024,023,026
055,002,041,048,018,014,035,020,046,015,046,060
021,053,004,024,060,033,037,001,030,037,004,005
011,050,009,031,019,001,060,032,028,039,060,029
024,051,038,018,045,040,001,033,011,056,006,002
054,058,016,017,058,008,005,008,025,057,057,032
027,022,032,044,026,059,040,044,013,049,052,033
019,009,040,029,025,016,054,007,058,057,001,011
029,024,057,020,042,001,009,055,045,049,030,032
015,011,006,027,037,048,054,028,001,030,035,042
056,055,028,034,054,004,012,011,031,047,012,022
009,025,009,026,055,006,014,002,033,013,051,013
002,003,029,027,019,012,012,039,027,001,047,029
040,055,028,030,035,054,024,014,015,044,051,019
006,028,055,011,020,012,033,058,025,005,004,025
039,027,026,027,007,055,022,018,009,002,036,030
056,032,036,060,051,005,019,017,053,050,007,012
038,046,018,047,026,013,004,014,019,021,030,041
052,053,044,019,008,057,028,042,049,056,048,036
016,009,050,052,033,030,022,015,007,053,025,008
055,028,014,060,013,023,004,010,046,002,059,046
006,044,027,019,055,042,012,045,032,033,042,045
039,047,042,047,058,022,008,011,005,054,026,016
011,035,053,020,010,023,035,049,043,034,043,025
051,030,029,041,043,029,050,003,004,002,046,030
007,009,025,042,035,010,004,043,059,018,031,032
021,030,040,048,025,018,007,051,030,003,055,026
043,053,050,038,053,002,058,038,039,024,024,003
038,021,045,031,010,009,026,003,001,008,047,054
013,037,027,049,029,058,037,021,021,035,025,032
020,025,040,033,004,026,005,015,020,004,041,050
021,042,001,053,058,036,027,024,054,008,046,040
027,044,059,030,051,029,047,040,041,020,044,021
004,019,036,020,023,048,012,044,009,014,018,024
053,033,006,050,010,021,026,018,004,001,032,043
037,016,017,054,013,006,012,002,003,007,003,016
001,040,021,003,018,005,048,045,022,008,049,041
035,023,026,045,021,026,056,024,019,034,050,023
029,003,032,042,033,011,003,048,049,048,010,046
049,037,007,060,030,009,030,050,039,060,011,044
011,021,024,036,056,043,023,056,025,045,023,039
043,018,037,044,008,016,007,044,060,055,002,045
040,022,048,014,049,031,009,053,012,016,005,060
039,003,057,050,005,007,012,034,054,025,047,007
036,057,054,026,060,015,025,022,044,009,026,038
015,008,048,052,021,001,010,055,046,043,023,003
045,053,007,027,003,028,013,040,033,017,006,040
048,001,037,060,002,007,058,017,001,029,047,017
010,028,033,015,024,016,024,042,042,057,042,005
015,042,044,051,043,052,044,050,040,004,015,009
025,024,030,026,024,047,057,012,017,041,039,001
055,022,003,036,014,035,008,032,059,010,043,010
035,056,039,017,046,008,021,043,022,034,036,014
057,037,045,057,003,038,033,008,020,047,026,008
029,032,035,001,019,056,052,055,027,041,003,033
018,054,052,015,034,006,051,059,011,045,045,023
009,032,014,039,024,059,050,055,051,037,060,027
054,051,013,045,037,035,053,016,026,002,050,007
017,021,008,047,045,009,036,049,050,031,018,052
025,002,048,043,001,002,048,050,007,025,057,039
006,021,052,006,047,016,046,024,020,049,038,033
051,036,044,048,022,007,039,013,030,056,017,006
049,015,019,040,018,049,005,047,018,019,011,028
019,035,004,047,026,039,049,033,035,057,048,051
033,037,023,009,018,023,029,055,046,042,023,041
042,056,052,026,009,056,060,024,031,048,038,024
059,015,043,033,006,015,058,055,015,020,006,018
057,048,034,036,047,043,009,054,029,012,049,012
040,038,005,011,051,011,037,012,024,020,011,040
035,046,037,055,017,028,057,053,033,018,039,035
045,055,056,006,054,034,002,037,021,012,020,055
032,046,055,035,030,019,036,009,037,043,008,021
049,007,046,026,021,049,057,016,010,057,005,027
035,029,037,034,023,004,024,049,037,038,053,047
038,028,035,022,018,002,001,023,055,014,037,003
008,004,007,008,048,047,056,015,007,030,004,034
052,058,032,037,038,052,001,003,006,039,002,050
018,003,042,019,049,047,014,051,017,049,006,047
016,039,027,014,002,059,041,025,023,047,048,002
007,010,044,060,048,025,048,007,005,031,026,049
038,030,027,011,029,016,008,034,051,008,053,013
011,037,008,037,041,007,050,046,040,058,022,026
023,002,059,001,020,009,002,051,012,027,038,025
041,031,038,023,046,056,054,040,008,041,052,001
015,001,020,031,011,032,045,052,023,054,018,028
048,005,038,016,046,012,015,057,021,009,006,026
038,022,001,026,049,059,052,051,042,006,012,047
027,002,042,004,045,016,058,042,052,035,060,041
011,057,028,035,004,051,005,043,042,040,019,032
038,010,046,013,007,028,029,036,023,005,058,002
057,047,058,035,014,037,026,024,020,017,060,040
014,026,059,014,056,039,038,054,023,040,032,058
022,002,018,029,024,043,051,034,019,046,056,028
028,001,023,022,003,019,019,054,009,024,046,003
045,006,018,027,030,053,039,044,043,011,018,042
053,005,034,030,049,029,054,053,017,030,047,060
019,025,022,059,031,023,011,020,013,042,048,027
040,020,025,056,056,060,057,028,044,054,051,042
033,059,007,046,021,031,048,022,007,035,004,022
035,048,028,036,006,004,057,051,052,027,042,014
002,005,020,005,016,014,041,040,013,060,017,037
008,029,047,001,047,034,017,025,020,042,031,028
019,005,038,035,041,015,011,042,015,002,027,047
014,017,014,032,033,031,028,026,003,042,037,058
034,007,035,050,015,051,015,027,001,020,023,021
053,011,057,006,002,032,037,004,030,031,022,032
015,032,017,040,001,024,029,015,042,054,019,008
040,037,055,057,002,029,019,059,052,037,014,050
036,042,009,047,045,022,012,018,034,040,020,021
015,045,020,029,010,039,039,029,009,060,009,046
051,023,001,045,022,054,033,028,045,014,054,027
047,003,029,021,032,041,009,003,011,010,030,014
036,041,010,042,029,006,046,021,049,005,037,005
053,022,006,012,003,011,032,059,044,058,017,029
011,031,038,002,047,035,020,003,038,045,059,034
016,023,004,046,044,003,050,049,030,055,055,024
017,060,028,015,005,026,007,038,024,017,039,053
043,002,060,042,038,049,037,028,013,048,046,052
049,014,015,025,054,052,033,056,052,005,033,036
007,011,018,046,024,058,041,012,032,027,032,013
029,028,050,054,021,018,035,013,019,015,012,033
022,017,038,019,002,036,054,002,016,034,031,006
002,047,013,002,056,050,033,024,006,053,027,057
050,037,054,046,042,029,050,059,034,017,020,032
043,017,022,031,032,049,025,030,027,021,058,019
005,012,020,016,025,026,004,039,055,044,043,009
037,031,008,013,023,027,040,005,017,046,059,039
007,042,025,053,059,016,028,009,026,034,035,060
045,060,009,012,055,049,056,014,023,046,019,002
023,007,014,020,018,020,019,060,010,015,012,025
003,015,021,047,045,027,033,055,020,013,037,027
010,031,024,008,052,004,010,040,024,021,044,002
005,046,039,011,021,060,019,028,041,002,036,026
014,033,058,020,049,008,023,036,051,017,046,048
060,012,028,023,022,057,009,029,025,055,004,049
019,041,027,042,058,045,054,048,023,033,048,006
034,011,001,051,055,012,018,031,053,026,035,004
038,044,056,038,034,048,019,010,003,040,010,033
040,009,041,001,056,022,038,043,014,008,034,046
037,006,020,059,025,011,013,021,012,024,006,019
038,055,013,022,016,004,040,036,056,037,001,010
003,052,032,035,026,033,042,017,036,008,006,032
038,027,005,056,007,014,003,006,028,046,022,005
050,009,021,050,051,033,048,019,014,005,050,013
030,023,011,036,053,008,055,046,051,046,003,051
047,026,010,003,002,052,054,060,011,009,045,008
053,046,053,015,055,021,001,043,054,015,031,017
006,024,043,058,045,036,059,003,040,026,005,034
044,049,054,020,038,042,005,029,001,044,021,039
042,039,012,056,019,014,013,044,013,025,047,037
007,045,026,044,051,010,005,006,015,036,009,039
039,030,037,022,016,050,007,057,056,001,035,015
034,060,029,030,054,055,041,010,029,038,023,049
038,051,047,046,007,026,030,054,059,042,052,022
014,046,011,060,053,036,008,018,006,010,002,035
034,001,031,008,040,039,049,010,036,012,048,039
044,045,003,027,014,025,007,043,017,001,046,044
043,031,022,049,017,002,033,045,047,041,032,054
016,015,020,027,046,016,013,027,006,038,058,016
039,050,010,013,050,043,058,025,058,059,060,048
022,019,034,014,022,011,023,059,039,031,030,047
016,032,027,008,027,036,017,045,032,021,033,002
038,012,037,023,060,003,046,037,003,004,044,029
058,003,043,042,035,036,025,047,027,016,009,059
012,028,024,050,016,041,060,026,031,002,021,002
010,053,001,057,009,033,020,038,023,006,019,016
013,054,040,056,043,015,010,052,027,056,053,012
016,049,039,002,010,056,046,039,022,006,001,054
046,029,026,037,028,014,034,023,003,043,038,015
059,025,056,053,038,048,027,055,036,038,019,031
034,032,017,027,055,018,048,030,027,031,007,006
007,019,020,045,031,057,043,014,011,048,054,033
057,003,025,027,012,023,017,003,017,012,056,008
018,041,015,031,047,010,047,051,011,006,057,044
015,050,034,057,037,059,031,058,049,054,018,007
032,004,040,031,038,034,015,024,053,055,040,050
035,018,050,022,051,039,014,053,050,060,056,016
045,030,017,007,009,027,037,019,049,006,046,025
049,001,023,015,024,054,057,041,052,016,009,022
054,059,060,018,012,048,039,037,030,049,048,026
014,001,059,047,017,053,045,051,018,037,018,030
036,004,016,060,009,058,029,026,004,029,003,022
052,040,054,039,025,044,044,020,017,009,034,055
010,044,044,023,036,039,060,038,022,039,004,017
055,043,047,036,008,020,030,024,059,043,031,051
044,028,016,035,053,034,001,058,057,009,007,052
048,058,044,042,012,010,038,013,005,030,009,018
003,005,022,016,059,017,059,053,009,038,010,036
006,025,013,003,038,053,058,011,060,008,016,030
038,008,010,002,043,049,007,059,013,016,040,007
030,004,020,060,044,030,013,031,042,052,015,055
059,028,035,045,033,005,014,041,022,051,059,045
057,054,031,038,019,036,019,052,014,038,025,033
051,053,026,032,052,021,014,057,030,043,009,035
026,012,042,016,059,012,045,056,050,034,052,028
025,031,003,012,044,024,020,052,015,026,031,026
029,014,007,032,022,029,031,024,007,058,048,028
032,005,041,038,034,018,004,055,003,049,053,035
013,007,058,010,010,024,018,058,052,034,050,008
033,016,053,018,052,012,027,004,036,055,030,022
