048,054,029,001,010,020,039,037,040,010,043,049
023,005,007,015,030,003,004,055,012,057,033,019
024,010,020,056,041,055,001,037,045,054,021,017
005,014,028,002,035,037,059,040,055,031,029,059
044,010,036,027,055,008,011,049,036,020,026,019
057,004,030,050,009,042,024,039,046,055,051,046
011,001,009,026,026,035,007,008,001,002,017,027
009,058,049,033,059,030,005,051,032,011,032,018
018,023,052,047,024,034,001,010,034,004,007,038
036,034,023,059,017,060,014,034,043,026,027,034
052,021,058,039,020,045,047,038,029,051,054,019
053,039,043,004,025,043,043,021,026,025,004,035
028,041,054,030,015,037,023,040,041,013,028,059
026,059,023,011,008,023,043,020,010,039,025,015
030,056,047,035,010,028,059,048,015,045,026,016
043,041,045,029,003,048,016,041,008,043,043,045
030,045,014,050,026,013,045,024,045,005,034,016
058,022,013,054,012,058,009,035,053,047,043,003
039,001,007,055,035,018,051,003,022,049,050,032
022,026,026,042,019,024,018,029,014,057,053,031
016,036,012,032,054,009,014,016,040,025,003,028
055,027,035,040,023,012,049,028,014,047,008,053
057,026,001,058,002,008,044,024,034,023,025,019
047,058,032,028,016,058,043,055,055,054,036,037
017,051,051,030,053,017,022,052,041,060,054,049
041,045,011,033,052,024,043,014,006,055,056,007
051,056,034,017,012,018,054,027,059,032,018,019
019,013,027,019,004,053,013,043,043,009,060,052
037,046,001,053,057,030,060,011,022,027,039,028
018,044,047,009,016,028,030,042,045,012,022,012
007,024,055,002,045,009,018,021,023,027,032,009
053,041,023,049,046,027,040,015,025,050,060,039
023,035,007,021,058,040,055,032,051,054,019,059
027,040,018,028,028,038,039,049,022,050,020,060
015,022,010,008,030,033,026,021,025,018,053,054
007,025,026,030,027,025,043,056,039,041,059,043
033,057,041,024,041,046,039,026,050,012,031,020
030,013,047,002,056,038,009,037,022,056,027,056
019,016,036,042,003,042,019,030,059,044,040,052
001,023,054,032,054,047,005,021,056,021,041,031
047,056,020,026,056,037,026,047,058,003,021,023
016,001,030,034,052,046,027,031,049,016,003,053
059,039,031,023,016,027,048,011,034,047,060,029
017,023,053,036,012,041,007,033,013,052,032,021
007,009,029,014,033,008,009,030,020,058,023,009
055,024,009,034,002,024,031,021,042,024,030,008
052,054,049,013,039,032,014,036,022,034,013,015
036,023,054,016,030,005,055,021,052,045,017,019
042,055,036,056,006,053,033,035,026,011,021,028
011,057,018,038,019,005,052,018,057,002,040,012
047,033,054,006,048,056,022,013,037,042,018,004
041,056,036,030,019,028,005,054,031,039,013,006
003,016,016,006,036,051,060,023,026,010,058,045
037,012,008,057,046,012,014,038,033,036,036,043
038,020,060,031,041,050,017,047,024,018,023,025
058,055,053,057,016,060,028,008,059,060,005,035
006,007,051,011,041,011,058,054,029,027,014,060
050,054,058,048,012,048,018,041,048,006,037,002
021,046,046,039,019,007,027,028,040,018,025,011
001,009,038,058,025,030,016,042,017,043,014,023
026,014,029,031,051,012,056,006,013,053,050,038
013,003,032,027,039,042,010,035,028,043,046,007
030,006,003,037,008,017,023,054,048,025,042,028
021,004,050,045,004,030,001,012,035,060,060,003
044,029,041,004,020,046,026,060,009,029,031,016
016,002,011,021,035,003,004,033,037,058,003,024
045,033,003,040,040,042,028,006,007,057,051,015
051,044,031,036,015,018,014,042,010,034,008,042
046,040,027,059,007,032,053,010,043,001,005,031
020,033,044,008,052,017,045,031,056,060,011,037
021,041,036,019,030,015,032,008,021,014,053,059
029,055,011,031,031,043,014,006,015,042,025,016
048,027,020,030,060,002,004,047,034,019,041,008
016,033,021,051,046,056,003,049,036,054,014,027
045,053,042,052,021,006,029,050,009,052,008,016
007,022,057,035,007,040,060,013,008,005,048,015
043,010,051,004,032,044,042,047,056,002,009,033
059,058,025,044,042,018,014,048,033,038,057,021
030,039,007,037,002,036,057,059,032,056,031,025
034,050,035,059,027,001,022,006,060,046,036,015
032,040,003,022,056,035,028,025,039,017,029,030
019,042,015,041,045,002,013,018,043,005,011,046
003,011,009,039,027,009,010,038,051,059,059,020
012,059,024,033,044,033,020,037,021,058,055,033
054,020,044,036,057,028,026,049,003,036,053,024
038,055,034,042,019,003,058,034,042,007,003,017
005,002,053,035,015,026,001,054,031,050,011,006
039,019,005,007,054,012,044,017,039,014,017,025
027,026,015,032,009,050,038,046,024,016,006,043
014,033,052,043,034,029,004,005,006,041,032,051
056,044,033,053,008,052,041,049,038,019,024,011
054,042,035,050,002,025,027,042,013,028,032,010
024,037,042,013,029,010,011,036,008,037,059,045
010,057,018,034,038,053,050,046,009,015,036,038
055,035,054,007,037,027,024,049,048,020,057,013
039,005,001,042,022,029,016,044,005,025,034,002
002,040,004,017,005,015,031,018,019,051,033,021
010,011,014,010,004,037,043,054,056,057,055,018
029,037,012,042,018,011,045,017,059,021,053,029
034,053,037,030,043,038,047,018,002,051,033,052
035,032,023,013,033,039,030,023,017,035,045,039
047,055,011,005,036,022,024,014,029,048,044,023
026,041,010,060,058,023,021,002,034,025,018,016
046,048,007,002,053,027,013,039,051,026,020,009
032,038,056,029,054,056,015,056,042,057,012,030
054,037,030,055,023,050,032,052,045,048,047,020
048,022,013,007,016,053,005,026,058,050,028,015
003,059,017,012,006,060,021,049,012,034,017,029
051,048,038,051,030,007,059,050,005,003,055,026
050,057,049,042,026,032,028,026,025,008,030,010
031,019,005,020,022,025,034,011,012,014,044,058
036,058,013,004,039,051,050,010,048,008,038,005
051,040,048,060,038,027,036,028,015,055,007,001
037,050,021,045,026,056,032,048,054,008,010,023
032,053,038,008,038,030,031,052,017,036,036,006
020,055,048,030,031,003,026,046,025,033,055,044
052,025,054,060,009,044,043,012,002,043,011,002
046,031,059,008,057,031,016,046,036,047,012,055
050,052,014,044,039,021,045,035,051,031,015,053
015,034,008,018,031,049,014,053,005,060,019,037
004,014,038,042,044,042,025,013,020,057,016,048
001,003,032,033,006,018,021,042,049,010,012,020
005,032,029,003,011,044,029,041,005,009,056,040
023,038,008,034,047,023,018,048,040,041,018,002
017,056,031,044,024,030,001,006,060,050,017,048
014,059,027,030,017,006,025,057,013,033,003,034
033,056,049,045,041,054,019,011,011,043,025,041
001,035,004,044,025,014,039,035,036,007,046,015
060,008,057,052,002,003,050,042,025,009,009,017
011,050,049,058,013,024,059,038,021,047,001,033
054,025,034,032,026,023,006,058,058,029,057,022
024,029,051,001,028,056,015,033,047,022,031,004
002,049,025,029,013,014,050,016,020,025,038,049
032,029,044,041,012,060,006,052,003,027,006,045
033,058,012,007,052,020,022,044,043,050,030,060
048,009,044,006,046,024,041,038,004,009,024,026
038,011,050,015,059,056,043,022,052,010,055,060
046,013,005,013,017,020,049,014,031,038,001,050
055,045,058,027,016,013,056,003,024,060,005,058
057,039,060,045,038,037,047,037,025,032,004,001
022,033,055,040,010,012,010,036,059,054,039,018
055,051,048,037,050,036,005,017,029,040,001,036
008,020,012,003,017,032,044,038,039,048,051,020
003,047,001,047,041,002,005,036,057,029,002,046
028,051,007,004,048,047,057,032,002,032,015,043
023,016,011,029,059,009,021,025,027,051,022,018
018,049,005,040,013,032,019,049,034,013,006,059
019,057,015,027,043,029,013,011,021,016,053,002
022,035,055,016,039,016,057,044,034,043,041,033
054,017,042,058,047,041,006,008,015,044,011,054
009,056,005,056,008,039,022,037,035,019,044,030
051,058,021,024,027,052,003,033,022,045,055,017
035,054,049,048,042,041,052,048,033,050,002,020
049,050,033,023,015,016,056,008,025,036,017,010
033,054,057,049,035,006,047,045,043,057,039,054
023,048,002,012,048,036,029,049,021,010,009,003
031,015,003,045,034,007,008,013,037,013,013,058
048,021,014,031,018,036,039,022,020,041,015,049
040,017,002,009,054,038,010,055,007,048,007,017
055,036,022,042,007,051,058,056,045,042,042,010
024,047,009,049,040,049,053,007,029,038,043,060
059,011,026,012,041,037,006,020,014,017,009,021
051,008,033,040,049,044,059,041,051,006,042,043
032,058,034,046,050,017,001,014,037,023,036,029
038,039,060,032,012,013,023,056,044,027,060,009
040,022,005,049,035,002,028,024,055,005,006,026
051,052,048,043,013,048,055,037,018,050,044,001
022,031,037,052,023,002,040,014,041,009,010,025
045,057,056,001,059,033,010,004,036,040,003,039
032,006,030,022,002,054,057,038,057,037,020,015
029,020,005,033,007,049,035,044,004,027,028,012
057,040,018,037,022,060,003,057,044,039,021,015
052,053,024,032,046,057,009,016,019,021,054,004
030,035,002,038,023,024,054,031,018,017,022,020
059,005,057,027,007,028,030,058,055,059,021,050
024,001,017,049,036,026,031,008,053,049,011,053
020,044,052,055,032,003,021,022,005,037,008,012
039,012,034,021,013,002,005,010,056,004,058,052
047,027,010,041,043,019,058,031,047,013,048,041
029,012,037,032,032,001,007,035,030,028,027,013
008,058,022,016,058,025,046,047,021,013,019,045
026,054,045,034,009,006,018,053,002,042,026,052
005,047,047,028,017,033,031,037,022,032,015,003
027,049,018,026,028,052,036,049,048,028,053,051
023,053,030,053,032,031,012,053,002,044,050,028
031,048,045,001,056,014,046,003,028,054,039,011
011,022,018,009,060,038,033,027,014,041,050,047
056,034,019,001,029,006,029,046,031,026,023,045
025,012,051,024,027,011,052,044,058,024,037,040
036,013,052,016,043,044,051,047,004,029,020,053
001,017,030,043,024,048,048,001,013,009,001,015
046,030,049,047,022,017,019,047,002,015,025,053
033,010,006,027,051,018,058,026,012,044,007,014
043,035,023,007,040,024,009,051,015,039,013,040
006,012,041,030,016,012,059,042,011,009,047,011
008,029,007,044,024,050,033,034,025,024,056,049
041,036,048,034,023,028,060,042,053,046,050,053
032,043,007,052,020,034,046,059,034,031,046,025
014,003,058,017,056,018,021,054,021,040,044,034
004,036,025,047,032,020,036,035,043,024,014,032
057,055,034,051,060,015,058,014,059,016,035,024
013,056,022,001,053,040,046,022,046,018,019,004
010,031,019,056,044,060,026,048,020,019,025,051
018,014,003,007,032,047,054,034,035,038,006,039
048,035,022,059,046,045,041,035,060,021,057,041
019,060,049,030,019,010,015,017,040,004,021,020
046,028,031,002,025,059,056,042,016,038,015,038
038,017,034,028,007,043,006,046,021,001,004,016
058,011,026,038,056,011,021,003,033,043,032,045
050,004,058,046,043,016,006,033,026,004,022,023
010,016,052,004,018,045,030,001,005,050,014,011
019,032,042,020,052,012,004,046,025,037,060,053
004,028,039,047,039,023,023,055,052,003,050,003
039,036,048,040,057,024,058,028,008,011,021,037
060,058,025,004,019,014,033,002,023,029,041,007
059,010,054,040,038,025,047,016,033,060,044,005
002,029,031,009,024,012,028,001,020,050,023,052
051,057,060,037,052,039,015,006,003,025,048,019
007,047,038,022,008,021,041,032,052,056,005,006
020,011,045,036,033,028,019,052,012,005,019,050
037,053,027,024,011,015,013,031,013,051,010,047
004,032,012,047,001,040,049,060,022,055,031,056
038,003,034,026,010,006,053,042,018,003,026,001
018,007,037,049,042,029,029,035,027,010,042,005
010,009,038,048,044,045,054,046,019,041,035,046
025,001,030,040,047,060,060,018,012,036,026,029
056,050,010,051,009,036,020,013,047,030,019,055
039,040,060,027,002,039,035,028,020,018,058,043
026,007,014,055,037,014,036,032,052,011,044,028
019,053,001,018,057,001,003,054,020,035,017,031
057,016,058,015,012,004,023,019,048,042,042,011
059,017,005,048,057,048,039,043,050,055,005,027
047,040,051,042,024,031,045,051,039,034,030,032
004,011,037,059,047,008,006,042,051,043,001,008
041,003,016,005,011,012,021,027,030,052,013,038
039,029,050,026,010,054,035,051,011,045,016,020
049,004,047,006,052,001,023,020,008,026,001,005
025,039,016,045,007,059,038,045,055,025,004,038
034,038,023,057,028,055,052,005,036,059,007,060
002,006,037,034,046,009,001,041,058,010,045,040
049,020,036,021,034,035,015,047,040,026,004,042
055,011,009,012,011,007,002,050,052,015,008,009
033,042,026,003,019,002,028,011,001,046,054,015
052,038,014,015,050,006,018,058,019,015,008,040
041,005,009,057,043,023,017,041,002,017,049,051
025,045,045,027,037,045,005,046,029,052,033,046
018,057,047,043,048,004,038,001,019,006,031,040
052,014,045,010,028,037,037,033,034,057,016,017
029,015,056,025,051,033,049,008,037,016,026,044
005,057,001,060,019,046,014,045,008,036,014,020
041,034,014,022,013,017,024,059,010,015,026,002
037,006,003,010,008,046,015,008,028,031,025,006
038,012,045,007,053,026,024,017,029,005,045,004
018,005,042,023,047,029,058,004,020,007,035,012
007,016,037,051,048,002,045,008,009,055,039,004
033,048,008,050,035,016,046,023,024,008,014,051
040,009,013,045,026,017,044,037,052,035,049,032
030,021,053,044,009,024,057,036,046,036,044,019
054,057,029,007,032,046,059,018,049,059,002,022
056,012,002,058,003,020,042,035,030,031,031,006
043,053,029,016,001,059,016,032,050,040,029,019
052,002,014,035,004,002,027,012,034,055,006,034
041,022,015,023,055,053,009,038,008,014,023,051
013,010,044,040,051,041,057,006,035,015,019,040
059,004,038,021,055,001,014,046,021,029,052,041
017,028,060,057,035,027,018,043,048,050,010,022
057,058,031,059,029,028,040,011,054,014,056,016
047,031,012,015,040,060,019,058,039,020,006,038
048,010,053,056,010,037,005,034,016,051,034,059
028,045,040,006,049,001,059,047,038,040,007,039
019,009,008,003,054,022,030,016,024,036,022,004
011,035,060,034,031,042,031,033,017,046,024,038
022,024,014,002,053,005,003,023,055,003,006,003
028,009,050,027,033,018,044,048,017,037,012,031
037,043,019,012,024,054,047,057,018,027,039,056
040,028,022,028,001,034,009,014,059,052,049,055
060,051,017,011,051,022,039,055,004,015,050,013
043,027,004,006,053,058,034,052,030,014,035,021
019,022,013,055,008,027,031,035,004,020,020,027
016,011,060,036,050,007,049,046,030,002,033,012
028,053,005,024,005,028,060,004,041,027,053,022
035,049,010,056,013,035,052,036,002,059,059,013
001,031,033,026,015,057,004,023,017,057,026,037
054,018,020,024,053,009,058,041,020,040,031,007
043,040,022,005,020,001,044,054,010,046,045,026
017,030,040,016,015,024,019,008,053,021,034,049
050,044,012,021,007,010,023,032,047,044,046,042
013,001,006,049,052,049,024,006,045,056,025,035
040,034,046,044,002,010,032,042,003,044,002,027
017,042,008,004,048,053,050,039,033,029,051,050
049,012,015,059,058,007,046,043,060,028,030,011
056,024,009,022,027,039,022,008,041,023,056,055
054,029,025,049,048,055,018,030,025,042,013,029
028,020,008,035,027,007,021,044,035,058,010,018
006,023,004,003,044,013,028,014,004,024,025,060
