015,016,060,057,018,008,025,011,044,058,004,059
008,019,043,007,028,040,056,031,043,022,018,036
029,009,056,016,008,051,014,054,051,037,051,059
020,007,021,057,045,057,042,043,053,048,033,053
049,039,032,047,034,024,056,040,005,052,037,029
044,046,035,043,029,028,034,023,056,026,010,043
012,028,033,001,037,039,048,035,055,028,044,031
023,015,003,051,029,043,019,033,047,041,023,038
031,022,015,036,045,044,007,013,023,048,051,041
007,008,006,055,051,007,014,027,039,013,054,010
020,001,010,058,046,040,028,050,044,004,057,007
004,018,003,038,013,030,043,037,032,034,038,030
048,010,054,044,012,009,030,001,001,027,024,019
035,005,038,022,030,049,041,026,028,059,057,039
034,047,023,045,044,007,020,057,030,022,036,019
044,053,005,059,038,004,033,015,047,033,039,003
010,019,021,035,060,030,054,035,044,005,018,024
026,006,057,058,005,006,050,012,028,007,053,005
037,005,028,037,037,054,025,022,043,004,026,025
033,008,017,019,003,046,047,029,060,035,040,039
028,004,042,059,016,050,002,011,039,030,041,043
046,035,018,033,012,035,025,024,003,016,005,038
006,027,045,030,008,048,015,022,036,022,056,001
049,025,001,019,018,030,016,055,030,009,039,002
009,037,044,032,047,013,012,026,047,055,014,004
034,017,045,049,018,015,004,045,007,005,032,002
003,031,024,009,006,009,039,059,054,048,003,018
033,059,008,049,026,035,041,042,028,049,014,005
030,051,042,028,008,058,002,024,003,007,003,044
035,019,008,010,012,043,021,015,050,026,007,059
024,037,058,004,011,049,034,028,035,033,057,034
018,055,049,037,013,022,050,043,043,019,023,052
042,010,052,018,045,053,038,039,001,054,025,017
013,014,058,048,055,005,030,011,007,052,024,033
008,046,047,009,045,019,002,019,016,027,037,053
051,043,056,057,046,058,050,037,054,025,013,003
019,007,035,039,016,031,036,057,042,032,014,042
024,035,050,059,008,030,035,015,052,038,050,025
005,033,018,039,060,056,024,029,058,037,054,040
008,059,053,042,004,024,044,047,046,009,056,051
031,019,009,020,006,012,006,008,048,027,048,004
041,030,015,057,008,055,047,021,008,020,009,050
047,048,038,060,057,004,006,051,023,011,038,051
044,012,030,006,020,038,014,040,018,040,037,015
043,003,040,008,031,050,033,041,059,055,028,010
038,036,004,022,025,012,053,051,040,005,050,048
040,037,029,044,054,003,007,004,017,043,027,049
010,001,001,007,047,037,057,037,026,005,041,014
037,033,030,012,017,003,014,008,012,007,053,025
060,016,025,041,051,027,001,055,023,002,039,009
057,047,039,051,038,047,034,015,038,050,030,058
024,006,021,041,036,046,005,050,012,016,047,006
036,059,045,026,057,041,060,040,031,040,041,040
023,039,057,051,026,031,006,048,014,023,008,023
054,045,003,021,059,030,009,054,006,046,002,051
025,023,039,060,017,038,033,027,041,031,009,019
010,059,040,043,034,058,058,055,029,035,049,018
048,044,023,020,049,005,026,007,027,020,031,028
009,027,053,027,046,015,044,024,033,016,017,045
008,028,060,045,024,054,006,004,032,015,022,008
038,001,042,052,016,032,055,054,026,058,019,027
025,033,051,049,036,009,040,020,007,050,028,032
044,006,010,031,041,013,018,059,006,016,045,003
057,052,057,014,002,058,028,024,010,026,018,037
043,016,040,003,020,043,035,017,006,001,049,024
017,021,039,029,002,022,020,015,022,039,004,013
012,059,005,008,060,023,060,028,004,002,022,023
041,008,014,039,024,011,018,009,042,048,031,024
003,053,031,059,002,041,004,052,014,010,026,004
011,052,053,021,043,008,001,048,028,015,002,044
022,037,052,026,055,056,026,018,029,005,026,029
025,020,018,056,022,006,048,024,003,037,051,013
031,058,025,001,008,017,031,032,032,052,045,037
035,014,034,029,023,013,001,039,042,058,054,031
006,021,036,030,024,001,008,016,032,045,058,006
005,004,013,018,016,047,013,040,056,024,026,028
030,033,014,047,041,006,029,038,059,017,009,060
001,043,043,060,020,028,037,034,034,007,058,059
055,029,042,012,004,051,013,015,030,019,037,046
010,006,038,032,041,038,053,012,001,028,054,052
011,013,027,007,004,039,017,048,021,049,035,025
002,056,019,060,042,025,020,003,053,022,009,051
015,027,015,004,046,014,013,060,017,002,019,006
012,051,009,044,033,011,014,037,001,035,034,046
011,016,008,003,045,016,059,026,055,010,023,009
020,042,006,057,042,001,006,036,011,022,003,042
014,022,021,051,060,058,002,042,013,024,057,035
016,058,017,047,041,017,027,047,011,043,052,017
052,036,060,031,044,057,058,005,015,017,012,041
020,021,013,050,015,006,021,026,032,010,033,034
012,040,037,023,031,017,053,028,051,023,040,002
026,001,042,056,048,037,001,017,042,047,004,029
016,021,026,022,038,049,046,011,003,048,043,018
056,043,011,044,053,047,053,030,002,014,048,041
045,029,027,041,001,060,021,042,012,013,015,055
009,011,039,017,042,031,004,054,011,004,024,058
042,027,054,013,043,049,047,036,053,054,050,023
023,053,041,044,031,013,054,030,003,028,031,036
027,004,012,058,027,010,038,035,031,027,033,020
043,055,052,059,053,029,002,036,054,005,013,044
032,054,019,053,002,037,006,007,031,047,039,005
040,009,029,030,039,015,005,030,006,056,032,035
010,050,038,014,031,008,014,006,009,026,048,056
006,035,046,051,025,019,029,016,007,054,019,012
049,053,036,055,003,009,021,001,040,042,022,052
059,043,022,018,049,056,023,016,030,007,008,036
008,027,012,049,005,041,021,027,018,035,052,050
025,010,036,035,024,046,028,018,055,003,009,031
023,043,030,002,059,048,006,049,018,041,045,027
051,055,031,020,032,009,037,020,045,056,038,016
007,047,021,008,047,019,024,050,002,060,045,012
017,029,039,055,059,034,046,039,010,022,053,009
024,042,046,053,003,006,053,002,026,020,051,017
021,052,055,045,039,021,009,059,045,024,003,001
035,059,022,016,037,001,050,044,006,018,049,002
060,033,043,030,030,032,057,002,032,053,018,051
031,046,041,037,017,028,014,031,033,004,022,032
057,018,002,018,032,039,038,026,005,045,023,010
029,003,034,053,044,021,033,012,008,001,039,008
030,016,030,010,058,039,058,003,034,040,049,014
004,049,013,036,030,004,042,011,031,001,052,012
027,018,007,046,050,060,012,031,057,008,055,032
007,049,033,002,044,018,032,014,040,049,019,042
026,014,012,029,019,049,029,008,041,009,033,029
049,023,052,019,032,057,030,040,024,057,046,018
040,058,043,024,034,016,032,027,037,004,053,056
029,056,057,050,055,053,033,049,031,045,026,032
045,034,039,007,049,015,034,038,027,052,028,030
058,019,018,010,031,057,055,002,035,028,009,010
030,052,047,001,053,038,024,032,033,056,041,050
002,016,041,007,007,048,009,017,041,058,048,028
059,029,038,010,029,025,014,024,055,024,027,059
041,016,056,039,055,038,051,005,011,003,010,029
034,030,004,047,020,053,059,037,017,060,006,045
022,001,015,030,005,047,023,027,039,028,053,004
048,040,054,049,055,011,012,008,040,022,048,029
007,009,032,046,042,004,032,056,016,007,031,030
050,019,037,012,051,024,047,045,039,042,010,013
002,048,013,043,043,045,001,018,030,047,029,022
043,034,019,038,012,048,053,010,055,025,038,006
052,055,010,047,025,008,059,022,035,003,051,035
029,002,002,020,004,010,051,028,020,032,022,056
016,042,049,034,042,060,036,060,010,021,033,014
006,050,012,046,025,013,020,049,059,001,040,029
003,015,043,058,007,022,009,015,051,054,026,039
052,058,041,023,016,054,057,019,007,029,011,041
019,044,046,021,056,037,003,010,004,040,050,040
048,038,008,050,005,048,053,039,044,034,019,003
057,055,027,044,058,020,051,025,060,005,009,045
046,060,035,050,049,029,043,014,003,059,035,053
021,005,021,036,026,042,024,017,013,033,042,036
027,037,022,045,010,037,027,040,050,020,056,004
003,036,058,028,019,023,003,060,009,028,058,054
046,055,009,035,007,045,005,020,027,035,049,048
023,018,058,053,038,042,012,038,040,021,003,034
012,032,050,051,040,052,049,017,028,038,010,052
029,013,048,046,051,045,021,034,035,049,046,026
023,035,020,060,055,026,056,035,015,012,024,023
020,019,016,019,057,043,031,029,005,028,051,001
039,054,051,020,016,018,041,036,053,057,058,038
037,025,054,008,033,051,029,046,012,010,032,036
002,050,025,058,056,025,041,028,001,046,052,039
007,042,040,026,035,011,013,032,009,049,057,017
005,010,002,046,059,041,021,045,025,036,005,022
043,038,047,039,023,007,017,011,060,024,046,020
013,019,001,044,056,030,020,045,046,041,032,007
010,041,020,055,036,053,032,050,053,001,018,012
002,028,058,018,043,002,020,047,047,011,015,038
053,024,002,038,016,001,003,032,005,024,033,032
036,054,005,013,021,060,018,029,026,053,008,042
052,002,039,019,027,057,057,013,032,037,044,025
058,029,056,034,006,042,034,022,052,048,031,018
027,013,055,004,050,054,042,049,019,018,057,033
056,017,008,044,028,057,038,007,010,024,051,058
044,022,007,037,010,046,016,014,037,042,027,028
020,048,044,010,045,059,042,022,001,004,040,036
060,008,019,059,024,022,025,002,008,026,004,021
051,052,046,017,057,038,048,031,016,057,023,005
011,028,035,008,044,037,035,040,002,031,035,037
018,032,045,025,036,026,009,048,045,010,009,021
047,051,003,002,031,039,002,047,048,022,008,002
057,029,025,005,011,060,012,021,028,043,030,023
047,059,052,001,013,026,033,028,021,031,060,048
054,041,023,028,003,004,001,041,027,050,037,038
022,035,003,026,050,042,010,015,021,043,004,031
018,054,038,044,058,009,057,012,002,012,060,049
012,047,026,057,001,014,050,030,035,044,017,026
019,029,018,014,058,050,003,005,021,014,007,053
043,054,035,055,036,005,007,015,041,029,010,057
022,058,036,020,017,023,019,021,031,049,042,018
040,053,040,044,034,031,013,009,007,002,036,043
009,033,032,023,020,054,033,042,005,043,017,022
028,044,018,045,027,039,005,015,004,046,039,048
016,005,028,046,026,034,058,049,001,049,038,025
023,054,037,011,038,045,017,020,029,036,037,055
014,036,019,022,044,036,009,038,027,022,052,046
021,013,020,029,006,017,028,006,047,060,037,031
011,048,052,013,041,060,030,057,017,012,047,015
057,023,024,047,010,017,006,029,014,019,014,059
008,013,015,001,004,050,024,021,025,047,028,019
052,015,023,033,021,054,041,055,021,029,002,015
011,005,059,044,032,048,025,004,052,035,058,014
057,025,017,054,045,033,021,038,001,002,049,059
043,053,047,040,020,041,033,039,021,025,011,045
011,029,004,036,045,048,025,060,008,047,009,005
043,052,011,057,060,022,005,001,010,034,012,027
056,003,059,056,012,003,011,031,032,051,021,048
043,033,001,058,045,058,046,005,006,040,010,040
044,060,042,009,055,022,058,047,033,038,060,055
025,043,025,016,002,045,037,021,021,030,006,039
048,014,034,008,033,026,031,015,020,039,017,032
001,012,016,046,051,040,009,034,054,022,046,057
014,009,015,053,008,037,014,011,012,034,020,016
025,003,032,043,026,049,059,038,011,019,050,033
006,023,034,025,051,014,044,020,054,012,026,054
055,050,002,027,024,059,019,041,032,004,048,043
043,031,053,050,011,056,058,033,006,052,015,029
053,059,059,046,048,030,013,045,030,046,055,031
012,060,014,056,025,018,041,015,009,056,051,029
049,010,013,037,056,058,049,022,026,044,049,013
015,056,023,055,036,024,055,017,028,047,036,011
010,016,052,008,045,015,051,016,045,035,035,013
015,050,040,015,034,005,042,035,052,028,059,054
032,029,022,009,032,021,013,028,056,050,047,018
006,053,026,043,042,005,007,017,046,027,021,022
026,047,040,033,036,058,049,057,019,037,047,003
023,004,054,002,039,034,019,040,026,027,008,015
014,028,046,022,027,005,017,005,052,033,040,057
055,030,031,005,025,030,059,021,006,043,007,058
027,025,052,029,050,018,017,013,018,060,053,011
029,050,043,039,058,015,021,058,012,014,019,046
011,032,040,007,011,027,060,006,011,034,001,040
002,026,054,060,060,026,036,007,033,048,053,014
013,034,036,027,013,053,017,027,058,013,036,012
050,045,040,011,015,024,016,044,060,032,059,057
046,056,049,036,026,051,054,028,050,049,027,034
018,007,059,032,003,050,002,009,052,024,058,035
042,017,026,048,020,035,021,055,015,026,056,008
031,038,044,023,011,039,032,008,038,027,044,030
043,009,019,005,047,022,019,051,032,058,013,046
020,022,052,047,004,035,022,041,023,003,045,014
046,042,041,039,027,056,045,028,008,011,025,039
048,015,055,033,037,026,034,052,030,003,044,042
055,019,059,002,001,050,039,010,052,014,056,052
056,041,015,019,037,016,018,053,056,036,015,042
024,040,007,011,042,030,014,050,024,012,055,014
004,009,040,016,029,060,034,018,051,042,001,013
055,042,006,031,007,056,001,032,033,003,003,052
033,031,030,017,042,029,008,004,039,036,032,019
049,046,024,039,012,011,037,036,056,013,048,051
001,045,029,027,016,017,017,004,053,017,010,011
042,034,050,011,015,051,050,034,026,016,049,055
028,056,023,026,060,059,010,002,023,059,005,032
041,035,013,055,041,052,024,016,012,039,056,038
001,036,023,031,033,021,043,015,049,052,016,052
028,022,016,048,015,059,023,036,018,011,030,037
040,055,021,007,018,017,025,040,002,005,001,034
005,056,038,013,024,038,020,012,041,024,039,050
052,009,026,011,026,030,015,060,014,015,055,048
038,054,045,042,048,025,030,027,036,010,010,056
057,022,022,012,056,012,043,044,057,042,001,029
035,031,060,053,020,034,051,034,035,016,002,013
053,016,008,038,021,011,012,005,031,052,054,034
056,020,058,011,018,048,059,016,045,039,046,038
036,034,008,045,037,060,007,055,011,001,019,048
016,009,034,055,011,015,049,003,060,007,046,033
058,023,036,017,049,044,004,041,020,006,034,035
003,014,010,033,003,041,060,014,059,011,056,021
034,041,020,018,010,035,013,020,021,002,023,040
047,054,007,014,052,025,043,027,046,047,049,047
053,008,006,013,004,019,060,052,049,016,037,006
026,019,049,041,022,051,059,013,043,047,057,054
053,041,004,016,003,024,012,055,027,024,024,030
044,052,037,052,041,045,006,054,033,044,001,023
028,016,014,025,054,029,004,020,035,002,012,004
055,027,046,043,024,020,055,044,009,057,006,033
056,047,059,040,036,016,030,014,044,015,042,023
021,018,017,050,038,040,022,003,011,006,059,006
007,025,020,052,018,005,059,025,012,023,008,009
034,060,033,007,051,060,007,024,001,057,041,032
030,035,028,021,034,006,050,036,050,046,013,016
042,013,006,002,036,028,021,023,060,010,014,044
027,058,056,023,014,020,027,003,034,014,025,031
020,059,054,015,017,037,050,022,056,019,009,001
031,051,017,033,053,031,025,046,058,017,033,022
047,023,020,011,060,004,004,034,042,054,014,029
020,010,025,032,018,038,011,038,036,051,017,040
045,040,051,044,048,013,053,052,045,052,054,011
033,036,003,057,035,047,045,036,030,020,009,055
045,046,027,054,023,046,050,047,044,056,057,048
014,017,010,051,040,032,054,019,026,024,044,039
034,002,060,027,007,031,028,025,019,034,046,054
044,017,048,036,034,048,050,021,032,006,011,051
008,024,005,057,025,009,015,025,023,029,025,006
033,054,035,007,049,032,056,054,039,016,010,007
