004,026,004,017,041,039,043,050,005,043,003,050
041,047,037,001,019,040,027,016,037,021,057,016
038,060,047,053,045,048,053,002,056,002,056,011
059,026,041,036,038,011,047,034,038,019,021,051
015,041,006,029,021,053,056,045,027,007,019,035
048,016,055,035,042,049,023,030,011,053,060,022
007,045,023,011,056,015,006,007,019,036,051,008
029,008,028,012,024,044,048,029,040,016,012,032
038,039,006,059,005,055,058,032,022,037,002,041
015,059,010,008,001,018,053,036,002,057,008,022
029,022,022,045,060,035,008,042,009,046,046,021
038,054,020,042,038,026,036,043,039,044,011,015
002,049,036,056,016,013,011,006,056,028,010,009
003,029,019,007,024,046,023,019,049,050,001,048
050,060,034,048,044,016,055,016,048,036,022,021
030,024,052,033,005,021,020,046,025,057,014,037
037,044,054,040,018,016,024,060,019,052,011,033
009,003,058,059,029,050,012,031,023,043,026,009
052,021,011,047,005,003,002,059,051,019,045,008
025,031,024,042,001,043,050,022,016,008,024,031
019,058,036,018,019,026,013,020,052,012,005,049
038,016,019,012,044,025,025,008,023,010,054,041
057,003,035,014,026,006,051,034,034,037,027,019
059,007,022,025,046,059,013,010,059,056,032,056
008,003,033,042,047,014,037,043,045,009,048,054
031,015,015,008,018,008,009,018,012,049,028,008
011,028,028,022,007,011,022,043,054,009,056,019
058,038,030,055,025,052,037,048,022,019,055,021
042,001,023,042,018,015,046,034,012,060,058,035
028,023,039,007,050,027,053,057,018,003,037,002
020,016,041,008,042,036,016,025,007,043,006,041
040,023,014,053,014,020,042,032,001,021,045,053
050,005,059,057,007,036,013,050,016,023,057,012
020,004,053,039,058,037,023,027,041,034,047,030
002,016,036,013,048,014,030,007,037,051,010,018
018,060,018,057,041,037,003,054,060,057,037,045
045,010,024,004,042,009,029,026,005,004,029,035
026,012,029,016,013,052,030,006,028,055,047,033
014,043,009,021,023,056,032,036,045,049,024,010
028,054,045,011,004,059,045,030,052,029,005,018
002,048,023,060,011,050,021,044,028,040,031,002
030,054,053,034,010,056,031,045,036,031,044,046
043,039,058,002,042,004,006,040,052,048,011,019
012,006,016,046,008,059,004,044,002,043,005,060
013,007,048,055,046,056,059,043,020,008,047,040
059,047,030,060,059,021,051,048,016,015,006,049
008,013,045,057,032,035,053,016,044,017,019,005
054,024,040,036,034,009,013,002,029,019,009,060
041,026,051,031,016,014,024,038,022,030,033,005
029,045,028,041,009,050,053,008,029,007,014,051
009,058,058,027,003,030,038,050,060,026,059,054
060,020,057,037,032,038,027,039,024,003,038,015
049,022,007,002,039,056,030,032,005,040,050,048
011,013,008,052,054,002,053,049,047,012,028,057
038,040,056,005,048,028,042,010,017,024,019,050
039,002,029,024,050,045,005,044,035,010,024,052
016,012,032,052,028,058,029,043,023,057,058,017
043,028,003,026,054,010,030,010,021,056,036,033
032,057,050,014,028,024,008,006,044,059,007,015
060,055,015,010,016,003,032,033,020,057,055,009
011,040,050,039,041,011,051,030,018,021,005,032
055,025,028,042,006,042,047,020,045,054,029,021
027,028,050,010,012,041,038,017,050,059,025,002
034,006,022,048,004,031,011,060,044,006,047,049
042,016,051,042,051,013,018,033,003,042,010,044
032,019,019,020,004,048,031,020,058,008,014,046
031,057,025,053,058,031,035,013,032,009,015,005
002,017,060,032,011,014,024,056,029,060,026,043
024,055,005,053,057,058,040,059,017,051,047,015
049,037,004,028,005,052,013,048,025,006,018,048
041,021,058,007,040,051,025,042,049,055,026,028
057,047,014,021,052,056,030,026,051,029,025,048
020,030,002,003,022,032,037,007,049,031,058,056
008,007,042,027,059,012,031,042,051,004,016,007
033,057,022,018,051,041,052,047,056,057,029,031
039,009,038,029,031,017,048,008,050,053,035,044
050,055,037,031,049,016,059,037,037,054,052,002
029,015,038,003,009,011,007,048,021,020,042,026
009,037,057,019,022,033,041,022,041,001,046,001
055,002,021,050,052,045,051,036,011,018,048,031
036,028,034,039,057,050,057,044,022,034,018,044
003,006,013,038,021,047,021,006,010,002,033,049
015,037,020,048,006,024,051,003,036,058,015,042
003,048,018,046,021,017,012,054,030,038,059,051
007,049,038,033,057,034,056,038,021,031,049,029
015,012,022,031,020,001,017,055,023,037,053,032
059,036,033,029,035,034,043,054,054,019,056,041
057,004,059,060,010,028,020,006,030,039,007,053
017,025,049,054,044,058,053,029,007,047,056,004
035,036,033,003,049,026,020,011,018,027,009,057
050,041,010,014,010,006,030,014,037,035,053,060
055,052,050,033,055,008,034,028,056,051,041,025
043,034,007,042,028,060,052,050,004,052,042,034
012,001,012,040,012,030,021,045,051,009,036,026
057,022,037,026,027,040,008,047,029,005,044,030
059,019,027,008,007,057,032,029,060,021,050,008
033,024,034,005,037,060,018,050,001,017,039,001
050,037,001,006,048,005,001,010,036,034,042,014
015,055,047,002,055,054,047,056,010,016,019,018
057,040,016,052,035,020,038,048,026,056,051,038
007,005,011,035,055,053,020,033,038,006,044,042
025,027,053,017,017,052,003,011,028,013,013,014
039,015,046,040,054,011,023,036,055,007,038,036
023,007,027,026,046,045,014,060,046,019,014,056
012,013,009,052,005,009,012,053,020,022,041,045
033,015,024,059,034,025,057,008,051,046,002,030
051,016,012,046,048,026,024,007,011,029,025,026
003,014,040,039,031,038,059,025,059,027,042,030
021,049,057,046,060,007,010,027,054,017,010,005
055,042,023,039,003,028,060,043,058,012,033,007
015,030,040,037,039,010,019,028,040,029,057,029
025,060,003,055,054,051,056,055,046,039,004,040
002,033,058,046,016,028,020,034,017,034,052,038
042,022,002,021,052,035,030,017,002,040,033,019
034,003,050,054,030,037,027,034,008,037,021,028
060,010,017,012,054,033,024,047,011,001,034,060
059,038,001,034,010,048,013,058,009,014,046,002
043,015,029,054,040,025,033,021,013,033,038,034
014,049,025,011,026,022,034,008,004,008,032,059
033,030,039,021,007,041,045,019,001,007,057,041
029,009,015,049,030,008,008,038,048,023,006,014
024,019,050,031,016,009,047,019,058,015,034,045
036,022,009,025,036,054,051,050,037,020,019,013
056,007,027,014,052,026,021,019,011,032,028,047
051,053,040,003,040,034,010,020,038,023,049,004
042,045,030,019,014,023,012,008,029,034,029,039
036,024,047,025,057,038,056,018,024,025,011,059
043,030,040,008,006,036,057,030,004,015,054,026
025,058,003,031,021,030,060,056,018,055,003,060
006,054,004,014,038,042,007,021,016,032,010,032
001,032,003,047,043,031,052,060,015,020,023,029
026,011,054,052,029,001,032,051,013,026,048,015
045,004,040,024,034,032,048,009,038,047,047,018
037,029,004,035,015,040,026,040,055,014,020,050
036,060,047,013,055,046,016,021,057,042,046,033
039,049,020,023,047,060,055,036,046,029,015,021
058,045,031,014,020,044,011,016,015,036,024,048
014,026,059,029,005,059,005,022,058,001,019,008
035,001,006,022,032,039,009,013,022,053,047,016
043,033,052,042,025,021,010,007,028,025,028,037
059,030,053,027,048,057,057,051,002,038,013,041
019,002,033,040,060,004,043,021,049,017,006,033
052,034,032,037,039,042,048,035,046,031,056,001
037,024,039,011,013,046,018,038,041,049,045,016
018,041,005,051,019,041,023,031,001,028,035,046
054,056,025,039,028,006,016,017,015,035,022,051
012,027,035,031,013,024,039,026,043,011,019,039
019,025,021,058,002,008,010,031,017,059,033,035
012,029,015,026,003,032,002,018,044,049,020,028
035,056,030,004,045,051,017,020,019,037,010,019
028,030,020,018,044,022,035,051,038,007,032,017
016,006,054,007,016,054,033,014,047,022,058,053
029,044,002,060,031,008,028,050,028,051,011,057
045,023,037,038,012,024,002,042,032,025,030,056
013,018,050,044,044,014,057,027,059,042,051,012
027,055,018,042,008,036,032,046,038,012,039,035
048,012,043,035,054,047,010,034,051,011,022,046
031,032,045,055,058,011,032,047,019,009,009,027
033,027,012,056,056,008,008,021,001,057,047,035
039,005,019,004,030,046,036,029,036,009,034,026
003,053,006,039,040,001,016,005,020,055,059,014
028,017,021,057,023,034,021,013,045,040,055,023
012,034,042,012,037,016,040,041,056,043,042,021
027,006,005,047,040,010,024,058,044,036,050,023
009,038,055,004,045,026,012,035,027,051,032,041
045,027,046,017,025,023,046,006,046,028,021,010
058,049,003,020,045,060,004,029,049,036,036,011
052,051,016,060,033,031,052,031,041,020,034,024
025,035,030,052,026,057,032,055,018,026,040,042
020,053,041,060,043,003,059,039,030,053,012,018
025,043,006,015,023,051,027,054,038,001,046,027
039,028,009,044,017,005,029,058,003,046,043,016
037,011,058,041,011,012,050,046,037,005,034,054
023,006,013,054,017,019,060,044,036,012,007,014
035,021,052,020,022,059,053,024,013,040,048,019
032,040,003,019,046,011,028,002,044,038,011,049
025,015,046,049,055,010,003,001,013,042,006,017
017,011,059,053,030,050,016,022,031,026,018,035
005,030,014,040,005,020,032,044,036,021,002,004
029,014,001,053,057,039,043,012,011,010,018,029
004,058,037,004,005,014,042,017,016,033,005,031
029,030,029,047,034,058,049,056,013,045,030,025
055,022,017,056,003,013,035,045,020,024,057,010
053,048,014,052,008,033,001,008,004,046,013,030
056,025,050,034,010,043,031,059,001,016,051,025
018,006,041,031,013,037,015,001,037,053,002,034
031,055,028,032,059,035,020,007,057,015,041,042
002,032,006,009,021,027,026,058,038,028,004,033
031,034,014,025,013,049,032,020,052,015,054,022
025,005,016,035,054,015,010,046,024,002,016,039
018,034,043,044,048,060,013,015,052,001,053,010
048,047,015,050,020,038,036,047,054,004,039,048
022,024,005,026,014,022,008,032,009,007,059,049
012,002,052,040,009,031,030,040,053,040,050,026
041,053,060,049,026,032,007,022,041,027,002,044
001,047,046,025,002,015,001,045,048,044,034,015
033,010,051,049,046,008,029,056,038,022,027,049
007,031,014,008,034,007,035,050,048,017,021,048
035,006,035,027,058,052,036,014,035,026,008,049
024,041,058,022,022,035,023,022,018,059,056,042
030,035,005,046,053,031,027,037,052,010,023,009
016,041,013,060,056,022,021,038,055,039,052,039
027,022,017,037,014,038,039,018,028,059,048,033
049,001,027,056,056,016,038,010,044,051,032,013
024,051,031,040,028,053,045,020,024,057,035,024
002,009,055,029,006,004,003,007,007,017,052,027
030,034,047,009,007,046,056,033,039,008,053,018
043,045,014,018,047,031,007,040,009,053,055,034
013,027,041,059,045,039,038,025,043,038,048,011
054,035,013,029,004,053,009,056,055,026,052,007
026,002,008,054,028,049,041,035,049,052,020,025
007,051,042,043,018,043,044,013,031,019,038,035
030,041,023,026,027,029,017,036,006,058,023,002
014,002,038,004,040,043,008,011,051,043,058,054
022,010,018,028,049,009,024,001,042,053,015,028
020,027,006,055,058,023,040,049,044,033,030,036
046,026,012,050,037,033,017,039,013,034,007,004
005,028,040,018,047,046,014,019,012,004,056,020
039,014,006,005,037,012,033,009,007,035,017,026
015,003,015,019,017,057,048,006,036,010,040,035
005,001,037,025,028,029,046,053,056,031,049,034
002,022,053,044,045,024,049,038,043,006,003,041
024,008,017,041,028,007,009,043,059,034,033,053
030,048,015,060,037,003,005,042,030,018,013,006
052,041,043,020,011,044,028,009,003,039,043,048
050,036,032,027,017,043,046,060,044,041,045,012
006,037,043,024,034,004,023,017,053,054,015,044
057,035,052,059,058,042,004,043,017,045,050,042
060,058,044,023,005,036,025,013,008,044,039,031
035,005,053,043,028,014,010,051,026,020,009,022
056,040,025,018,015,046,032,006,031,054,039,033
050,024,006,031,017,022,025,036,022,039,012,044
053,006,043,046,051,006,055,011,052,003,023,015
049,043,011,034,023,001,018,052,001,051,050,007
044,052,028,033,039,004,001,025,046,037,035,008
011,031,026,008,057,049,059,010,014,057,016,059
029,041,022,012,029,020,048,046,012,023,057,054
048,058,031,044,054,032,018,024,041,004,023,033
002,029,036,001,006,002,020,058,013,055,045,047
054,060,040,044,019,053,042,048,030,009,011,030
003,059,027,060,001,044,035,009,025,045,049,020
014,012,035,017,027,047,016,026,052,023,047,043
019,044,036,057,014,001,005,057,010,037,035,049
013,004,041,005,012,005,037,055,016,024,017,010
051,018,020,051,019,001,053,052,033,012,001,060
041,043,019,006,033,060,013,031,041,010,058,055
017,050,004,022,027,044,005,011,045,014,051,047
040,021,023,054,060,019,028,035,025,033,007,018
024,005,060,017,008,017,042,037,058,043,004,047
018,023,042,046,024,049,023,032,032,049,040,048
013,017,050,001,017,009,001,004,009,041,053,013
039,012,013,039,027,031,032,043,007,025,040,017
043,008,012,003,043,057,033,001,050,006,018,054
024,015,057,006,038,046,050,058,038,055,034,056
035,053,032,048,023,005,059,009,037,052,036,039
047,037,024,027,021,004,047,023,044,056,010,003
010,026,060,006,053,023,031,001,014,058,058,005
038,041,003,022,035,002,002,036,036,045,059,033
051,060,047,050,027,011,057,055,005,038,060,008
027,038,018,037,023,013,059,020,015,022,054,001
003,025,023,021,048,059,019,055,056,053,031,030
033,041,030,049,028,045,015,051,004,023,050,002
003,035,026,047,043,019,045,005,045,044,010,058
031,060,039,060,032,045,044,055,040,020,009,001
047,017,055,001,015,053,017,014,013,005,047,010
010,004,034,033,040,050,004,036,003,045,009,004
027,017,009,012,020,036,027,003,024,023,021,054
023,049,026,051,042,035,048,056,051,002,038,053
013,001,057,052,014,015,006,045,014,032,059,001
055,033,011,022,039,058,018,049,052,011,019,042
052,028,027,043,043,052,028,044,003,004,012,021
036,003,011,021,036,027,041,048,013,043,058,047
027,030,026,044,053,026,008,005,027,048,018,031
037,036,042,011,049,048,029,017,017,033,026,001
012,007,014,024,052,006,044,054,039,020,016,050
018,058,016,004,020,054,056,003,026,021,032,007
017,003,022,013,044,034,008,009,058,051,016,019
008,023,033,058,046,036,060,040,010,049,015,009
025,054,016,036,060,042,038,045,046,041,046,052
010,029,046,054,032,021,040,022,028,031,005,027
027,015,012,010,045,015,054,014,001,002,014,034
056,037,042,054,024,021,058,016,059,013,002,005
034,019,045,018,004,025,033,045,016,034,013,056
015,032,054,005,050,032,020,012,050,025,055,051
042,047,024,026,016,030,018,004,039,024,032,018
003,049,025,012,022,052,055,043,009,020,051,033
051,039,004,011,021,003,058,030,029,042,052,036
023,003,055,059,004,027,041,023,040,009,059,045
006,047,009,024,015,017,056,006,007,026,055,012
003,044,001,030,011,002,016,031,058,003,002,020
002,045,037,039,001,027,049,025,021,034,058,040
050,004,057,013,007,044,040,055,032,004,050,056
032,024,027,002,055,041,044,047,047,039,014,041
049,019,024,011,035,023,025,010,029,025,023,046
054,039,059,023,047,055,017,018,001,022,033,026
