038,041,031,043,021,038,016,025,055,001,060,040
002,042,019,018,017,016,005,007,040,021,032,042
018,030,046,038,029,028,012,002,007,043,026,025
046,047,054,017,005,041,038,056,001,033,043,045
010,056,023,032,042,020,052,037,042,010,040,031
042,043,005,018,049,018,018,029,036,023,058,054
040,038,038,051,028,031,008,052,018,037,057,003
007,027,037,010,056,029,033,035,011,030,010,046
019,032,042,007,059,037,056,059,010,008,058,053
044,004,009,029,027,006,011,047,013,053,039,038
020,040,015,056,050,043,058,034,055,016,041,013
016,038,044,020,022,027,050,047,024,005,056,054
013,028,052,027,053,033,004,002,023,011,051,025
015,039,021,023,040,015,039,051,041,016,021,020
010,022,035,046,005,006,050,015,056,018,028,035
015,016,027,042,008,033,060,028,026,031,054,015
012,050,001,051,024,060,059,051,017,057,012,057
005,047,050,035,039,059,040,023,009,001,048,004
033,011,014,025,009,021,014,008,051,054,051,046
051,028,051,020,006,051,037,051,040,044,019,031
011,038,058,035,034,020,009,008,030,029,035,056
013,016,026,024,008,022,055,058,060,025,017,031
018,038,001,032,005,035,052,053,048,015,009,004
049,053,022,017,055,057,038,028,030,050,001,007
003,038,001,020,017,007,036,018,019,006,015,042
017,056,027,030,008,038,060,016,052,002,003,052
008,053,039,053,019,002,055,051,028,001,051,009
042,058,046,018,038,052,016,037,010,058,046,032
008,039,043,012,022,050,059,057,030,038,058,029
010,051,032,051,043,010,052,036,040,022,056,005
038,014,004,007,005,016,047,023,051,015,039,047
043,049,026,008,054,031,013,026,047,004,002,024
034,017,020,057,045,018,014,058,006,025,046,059
019,037,034,023,056,024,009,037,050,029,002,047
060,045,007,024,008,001,034,038,047,041,039,023
006,035,032,028,029,052,058,056,018,060,060,017
008,036,057,011,027,023,027,034,043,013,009,044
019,004,021,045,017,020,033,028,007,029,033,006
041,014,020,027,044,060,036,051,054,012,050,059
027,026,028,017,011,048,005,021,004,005,021,028
021,007,018,044,054,035,027,018,037,048,039,054
039,022,050,057,050,031,031,006,053,003,022,026
029,020,010,034,033,046,024,023,044,050,011,020
053,001,030,020,054,022,048,050,022,043,037,032
055,052,055,023,018,055,004,057,029,046,016,018
008,056,060,042,051,056,006,045,017,018,011,058
030,045,022,028,036,003,016,001,051,042,034,002
028,046,016,059,038,032,052,023,031,029,027,003
005,019,006,044,053,044,042,055,001,010,056,039
024,041,048,056,049,056,002,025,011,025,052,034
015,023,004,054,003,047,057,019,039,024,014,035
055,020,020,058,044,049,005,025,030,060,048,053
032,013,006,037,047,052,012,007,021,002,023,007
038,055,022,057,027,036,058,024,060,034,018,059
002,050,055,045,040,055,045,051,016,006,030,002
042,024,017,019,013,060,049,028,029,021,060,004
035,039,054,013,016,028,043,052,018,011,008,044
009,036,050,038,006,054,012,008,001,047,040,048
055,026,025,036,026,053,005,027,020,060,026,037
031,034,009,016,001,006,008,025,055,015,015,018
033,005,025,055,051,050,005,022,006,021,053,060
028,019,009,030,040,041,033,050,040,012,001,044
037,039,037,022,036,059,045,009,015,027,058,057
030,048,011,002,043,008,037,054,055,049,056,012
053,025,033,013,007,037,026,028,060,031,036,001
057,014,004,025,059,058,045,016,050,046,011,046
046,020,008,015,030,017,012,009,052,010,041,035
036,048,014,047,054,008,017,045,036,013,008,031
041,006,036,005,033,055,011,060,055,004,045,028
034,035,047,019,013,059,043,004,030,022,041,010
001,022,055,010,015,014,018,001,046,024,009,018
047,042,017,044,047,024,050,011,053,016,059,030
001,029,025,029,050,041,057,030,042,034,038,026
037,050,024,033,047,059,059,025,057,060,021,008
059,021,054,053,053,035,031,012,009,006,048,019
005,017,041,032,010,024,050,001,016,032,053,036
027,024,043,059,019,056,042,008,045,031,050,034
047,049,014,033,057,018,010,038,028,006,024,030
007,057,045,044,056,007,023,001,060,052,019,029
021,014,039,043,048,020,041,036,005,039,014,010
049,033,026,004,018,010,043,030,049,009,043,035
047,054,055,035,007,036,016,039,057,008,020,059
058,050,057,009,033,054,019,012,048,060,046,053
057,005,028,014,037,045,020,028,011,049,012,048
007,016,005,040,027,038,051,053,033,010,039,030
006,004,038,024,031,002,043,058,060,007,043,021
056,044,031,057,004,038,046,039,035,004,056,042
033,027,022,055,002,041,032,021,019,054,011,035
059,045,029,043,032,031,023,046,003,004,046,001
012,024,015,052,043,015,024,001,031,056,055,024
020,004,049,058,028,053,026,021,015,033,037,049
046,022,007,011,030,055,020,002,039,045,020,013
016,050,057,002,025,012,001,045,017,059,024,016
006,048,035,059,013,042,007,033,003,006,049,036
026,002,033,060,031,037,051,013,030,054,028,039
008,007,037,012,034,001,017,038,033,003,055,014
030,004,016,042,035,017,011,001,032,011,024,008
052,033,007,053,007,049,043,025,014,020,043,034
047,038,039,052,001,013,014,002,046,012,057,010
018,043,054,024,029,008,040,001,053,010,012,034
022,035,052,026,055,056,027,031,025,037,051,048
030,034,033,058,045,002,014,022,001,021,043,006
017,026,032,027,055,029,057,051,048,057,059,028
036,055,018,002,054,027,012,001,045,049,045,058
033,030,003,012,051,021,043,017,001,014,013,031
040,017,037,017,020,054,003,030,015,019,060,049
039,014,016,046,056,032,002,033,016,004,008,040
015,057,005,029,013,015,001,017,018,039,009,011
051,023,038,006,008,016,019,050,011,059,048,014
003,034,047,030,048,002,011,008,013,038,044,037
014,029,025,024,044,058,047,034,044,007,060,043
049,003,031,020,022,018,057,016,057,049,018,035
037,041,009,002,015,004,045,022,060,055,045,008
033,012,008,050,038,036,023,043,056,004,039,034
013,021,031,033,015,025,002,027,060,012,030,040
019,001,045,036,026,020,026,018,037,001,052,058
058,018,019,055,049,027,033,021,026,060,012,049
041,017,031,058,022,058,024,037,046,056,010,009
020,035,051,060,045,005,017,004,015,044,033,056
013,002,032,059,016,023,046,052,034,054,032,039
034,051,049,006,032,036,057,028,010,031,034,040
003,010,055,047,046,045,011,003,006,042,021,058
027,048,009,059,058,003,052,021,001,058,006,046
015,030,056,022,026,059,010,035,054,003,027,059
036,004,037,014,024,022,006,015,043,019,045,012
023,025,015,049,009,040,016,022,041,055,040,006
029,012,047,056,030,021,052,041,023,012,021,035
053,017,027,029,013,024,010,011,055,031,050,014
029,037,005,044,038,015,009,032,047,035,034,026
058,002,002,036,021,057,050,005,029,051,025,020
005,049,054,038,002,046,043,051,009,060,029,054
006,020,026,012,035,016,003,060,033,029,032,002
043,011,014,034,011,004,023,008,051,049,049,010
035,032,025,040,039,044,010,044,019,011,031,053
030,013,034,033,052,009,011,042,048,018,028,037
012,055,045,013,037,021,013,009,046,021,044,012
052,059,036,039,055,011,006,052,054,048,041,009
008,017,015,012,015,002,049,004,009,014,038,043
023,018,060,058,039,058,057,047,026,015,018,034
040,004,038,022,026,029,033,059,016,036,031,003
024,034,059,049,021,027,040,028,025,031,054,005
047,058,042,005,029,040,031,024,014,013,021,042
006,032,013,044,047,031,043,040,027,004,035,002
042,031,003,059,041,028,003,007,014,018,047,037
016,043,007,013,018,007,036,044,035,007,020,052
052,011,023,009,050,020,016,003,014,005,057,023
033,048,029,041,026,048,018,012,006,026,060,019
026,058,019,040,023,042,056,057,003,002,006,002
014,060,031,036,025,049,054,041,035,012,035,031
054,028,023,030,002,016,043,002,025,032,056,036
046,031,057,025,022,032,031,007,029,024,013,058
001,025,053,004,013,006,036,043,055,006,041,011
022,020,006,060,016,056,017,027,045,052,012,005
040,027,007,025,004,033,008,041,008,006,042,041
050,013,006,011,010,015,007,040,044,048,039,026
008,004,004,013,056,013,054,045,005,003,044,002
041,044,035,025,058,051,036,017,048,007,027,051
015,007,026,045,054,050,060,050,045,010,029,003
021,053,010,016,037,060,033,022,006,053,042,019
039,033,052,018,022,019,035,060,018,050,031,015
045,041,016,040,027,055,058,036,006,047,023,006
013,010,041,020,023,058,022,011,002,051,010,048
019,059,048,039,044,057,041,018,019,030,053,014
022,003,037,002,036,028,046,049,051,017,009,058
052,025,025,022,020,049,055,043,054,044,042,025
043,020,037,015,035,027,051,024,001,035,053,011
007,014,009,035,048,059,028,055,002,040,044,021
023,002,018,053,034,013,013,046,004,010,013,022
009,054,027,044,029,016,021,031,054,018,051,026
047,017,028,003,003,018,044,046,002,038,035,038
008,028,001,015,042,009,058,028,007,047,003,001
057,038,012,017,002,056,003,026,008,005,030,051
052,050,013,057,041,030,017,039,037,058,040,013
015,041,041,019,013,039,041,023,001,042,038,023
044,059,042,033,040,024,001,043,057,045,046,041
045,040,040,053,007,032,007,006,005,013,002,055
026,046,048,049,050,028,057,035,046,034,025,019
011,044,019,026,052,044,049,014,047,048,036,035
050,049,041,057,048,028,012,032,037,027,014,024
028,043,035,019,046,008,005,011,036,019,023,035
026,035,025,058,043,026,042,052,050,042,028,034
017,032,020,012,039,055,054,025,008,018,007,019
007,026,022,053,036,026,026,014,026,049,052,013
005,001,037,004,030,056,032,034,040,051,015,024
059,034,009,003,054,042,005,058,005,052,048,005
007,022,054,026,005,020,025,047,056,040,021,025
032,060,019,016,058,004,040,052,058,008,037,008
044,029,008,055,005,034,016,058,050,010,009,005
007,046,034,004,049,032,034,049,030,058,034,053
021,041,020,053,005,030,027,046,020,015,001,004
027,053,031,022,008,019,026,041,007,009,044,038
051,008,026,033,052,028,044,035,042,014,045,014
032,029,045,032,046,004,003,019,059,023,053,041
012,051,021,012,049,013,047,027,060,010,012,052
028,011,008,027,014,006,003,041,030,053,003,021
022,004,037,035,046,030,016,049,010,025,058,032
053,056,019,049,059,005,059,010,028,044,006,030
040,032,016,020,040,042,014,011,036,014,033,057
006,050,028,004,036,060,049,024,019,027,043,027
020,024,029,006,049,008,048,013,034,055,042,004
038,060,031,005,031,004,029,057,049,039,003,037
009,022,048,025,024,053,020,018,026,009,001,056
004,021,051,018,055,003,003,013,057,042,017,033
034,056,016,021,011,040,042,017,047,010,050,026
047,040,003,025,048,009,048,046,022,015,014,027
039,019,054,052,012,016,039,001,009,028,019,058
020,010,004,032,048,034,023,044,057,001,002,028
059,022,012,027,044,022,055,013,055,017,035,015
025,039,029,017,047,013,019,010,039,021,012,058
037,040,054,059,043,053,043,054,055,009,024,048
031,052,042,018,048,038,042,039,021,056,003,023
010,027,029,038,050,003,023,014,019,013,037,033
047,016,036,050,020,037,021,054,057,046,045,038
059,007,044,043,060,054,028,027,024,035,017,015
013,018,012,041,047,020,017,006,057,039,029,045
024,011,025,028,012,039,031,049,020,033,057,006
003,008,029,022,019,033,003,014,014,031,042,028
033,051,043,032,041,031,021,060,033,043,009,047
040,010,039,011,007,054,053,057,006,012,003,043
027,050,009,056,035,048,044,033,048,008,054,016
056,026,017,049,002,049,043,037,005,043,010,029
017,011,047,033,014,052,011,021,022,002,046,003
042,012,040,054,035,008,052,004,019,045,052,022
047,022,031,023,027,060,009,039,010,005,001,060
039,006,015,058,034,036,004,059,043,047,051,003
046,043,002,029,037,005,053,050,042,026,023,029
059,042,001,052,009,027,018,021,028,047,005,015
032,033,014,004,053,055,045,015,056,052,047,053
007,028,053,009,013,037,059,008,016,014,003,044
036,029,017,023,022,041,016,048,025,009,006,024
004,012,041,039,054,057,001,059,023,060,021,050
040,057,046,040,041,027,006,058,001,002,025,045
051,011,006,059,018,031,036,010,053,019,038,012
045,050,024,017,056,014,033,023,028,010,042,022
018,024,056,023,033,041,014,030,050,032,045,034
032,010,036,033,018,025,004,050,010,054,017,009
042,045,035,040,048,041,032,054,047,029,044,034
040,050,052,032,045,047,049,030,043,048,058,038
042,003,031,011,057,036,046,055,049,042,011,027
054,036,026,023,014,012,002,017,021,022,005,032
018,040,048,042,044,019,024,004,032,030,060,029
053,005,023,004,020,045,006,034,015,036,002,053
055,050,041,059,041,004,047,044,030,028,057,034
001,049,034,009,003,017,009,015,039,031,036,012
029,048,026,001,001,031,023,053,026,030,011,034
030,010,044,032,012,022,022,034,015,053,051,022
003,035,039,003,045,033,047,036,016,026,050,025
020,007,058,041,004,039,050,056,030,025,008,032
016,044,019,034,052,035,004,045,051,041,060,047
022,036,052,030,036,037,042,029,045,035,024,044
028,023,050,023,010,007,009,046,036,046,048,055
053,029,056,006,046,019,026,032,052,016,025,044
009,020,054,002,020,032,027,057,036,030,060,059
037,034,026,011,013,012,044,030,023,022,048,001
056,060,009,024,030,031,056,020,005,055,031,016
054,011,025,027,021,019,017,052,017,013,032,055
046,014,055,021,011,016,007,034,005,060,029,059
030,016,051,005,019,020,053,037,051,035,034,015
002,007,049,029,030,007,036,042,025,038,046,042
053,042,020,008,010,002,038,031,029,011,005,038
052,048,024,045,059,031,039,027,052,024,047,021
059,053,005,028,050,007,060,046,051,031,058,040
027,056,002,059,056,028,036,020,025,033,029,004
053,045,014,040,038,020,039,007,048,003,031,044
036,021,046,005,030,008,024,021,009,038,057,052
009,033,058,048,054,014,037,055,045,007,032,014
037,057,028,024,024,059,041,001,051,014,002,005
039,002,013,011,018,047,036,006,046,025,028,015
013,035,015,032,021,017,055,054,055,007,035,042
010,026,010,017,039,010,013,027,060,008,015,060
029,035,024,003,007,038,037,023,026,040,039,050
014,043,008,013,058,027,057,043,058,046,012,059
009,050,014,059,038,033,038,053,051,044,051,004
054,049,005,023,017,046,017,048,032,048,024,057
015,021,049,021,026,047,037,011,058,007,035,049
012,030,054,023,015,003,017,014,025,017,052,051
016,033,011,056,055,044,034,016,021,048,037,042
041,034,016,051,056,041,027,045,007,051,015,047
014,044,041,043,045,011,006,022,038,059,042,038
054,001,002,008,015,059,045,003,048,031,045,023
016,027,051,047,013,023,020,039,024,050,037,056
028,012,030,035,041,007,049,041,009,019,002,060
060,039,043,009,018,028,046,054,023,048,057,032
038,037,040,049,010,012,018,033,014,019,042,030
029,034,017,058,015,046,040,003,040,033,015,029
032,018,036,040,032,024,010,006,019,024,053,012
008,034,053,032,040,039,022,048,025,034,019,052
056,025,038,019,019,051,010,023,046,037,047,008
043,024,032,047,036,011,001,038,025,041,060,022
026,005,026,044,031,009,055,059,011,012,020,003
030,037,059,040,045,056,043,056,056,003,006,018
052,049,019,023,026,057,029,039,036,024,003,032
017,050,004,018,029,013,010,021,023,020,025,013
034,021,047,012,030,001,049,022,011,015,044,042
052,007,048,045,023,049,060,041,027,001,049,038
