92,82,1,1.1218
97,71,2,0.68735
104,73,2,0.63426
88,103,1,0.84277
70,82,1,0.51434
111,83,2,0.7654
73,108,1,0.711
81,115,1,0.67823
85,102,2,0.64553
78,69,1,0.80981
76,94,1,1.0078
87,89,2,0.83159
91,88,2,0.74353
101,80,2,0.77641
86,71,1,0.8315
114,113,1,0.92961
74,89,1,0.62368
115,93,2,0.67824
82,94,1,0.86261
118,79,1,1.0131
107,82,1,0.84235
91,62,2,0.75433
99,78,2,0.72152
100,90,1,0.99576
89,93,2,0.75486
92,104,1,1.105
70,63,1,0.57967
96,103,2,0.80906
111,118,1,0.79919
79,98,1,0.71066
115,61,2,0.65663
112,62,2,0.62302
68,80,1,0.71134
85,69,1,0.91939
112,111,2,0.87456
83,110,1,0.72152
67,104,1,0.58031
65,114,1,0.78717
108,87,2,0.77674
78,62,1,0.75561
63,104,1,0.8094
98,91,2,0.78826
64,89,1,0.70032
96,87,1,0.82009
119,116,2,0.83183
101,85,2,0.83157
104,91,2,0.75489
76,79,2,0.90803
93,80,1,0.61275
116,65,2,0.71167
74,93,2,0.62346
98,111,1,0.72234
108,86,2,0.66789
109,87,2,0.86373
64,83,2,0.73338
73,71,1,0.71102
110,65,2,0.67891
84,100,2,0.91859
66,91,1,0.7227
82,110,2,1.7729
67,120,1,0.68912
68,94,1,0.62439
96,65,2,0.71037
86,66,2,0.66729
114,106,1,0.90783
87,92,1,1.028
67,90,1,0.61347
120,101,1,1.5615
86,70,2,0.9421
89,95,2,1.0497
108,118,2,0.91995
64,101,1,0.76596
69,117,2,0.8096
114,72,2,0.78746
108,109,2,0.8089
112,103,2,0.79958
100,108,1,0.96316
94,105,1,0.67741
81,106,1,0.78741
95,80,2,0.76613
89,101,1,0.89742
102,65,1,0.59145
93,100,1,0.77713
115,110,1,0.88613
109,83,2,0.70012
96,94,2,0.48175
117,80,2,0.68871
107,71,2,1.2246
114,117,1,0.90774
106,113,1,0.88652
74,117,1,0.65643
83,88,1,0.70029
112,93,2,0.65621
73,97,1,0.51421
72,77,1,0.50282
69,107,2,1.1265
112,104,1,1.4552
94,72,1,0.75503
105,106,2,0.75489
71,81,2,0.64489
120,90,2,0.75554
109,68,2,0.54662
67,85,1,0.85341
77,63,1,0.64609
106,94,2,0.5364
92,74,2,0.7773
115,89,2,0.87483
109,73,2,0.76589
77,106,1,0.69977
119,94,2,0.59049
115,63,2,0.56894
91,110,1,0.79832
90,81,2,0.71063
61,66,2,0.53612
63,108,1,0.854
64,65,1,0.90801
63,80,2,0.87538
64,77,1,0.7223
97,82,2,0.62379
119,71,2,1.0172
117,110,1,0.66764
112,106,1,0.7662
78,71,2,0.68941
102,90,1,0.95198
84,63,1,0.78772
112,85,2,0.76588
64,104,1,0.72239
74,110,2,0.43789
120,66,2,0.77714
78,88,1,0.56907
77,96,1,0.93054
82,75,2,0.84225
97,85,2,0.71082
68,63,1,0.56934
109,67,1,1.0176
82,77,2,0.84303
75,112,2,0.99591
119,97,1,0.76578
120,111,2,0.75463
98,67,2,1.2027
76,104,2,0.66723
120,91,2,0.72225
94,86,1,0.68912
108,62,2,0.7222
114,109,1,0.76579
73,111,1,0.70012
92,100,1,0.94074
94,90,1,0.82101
78,64,1,0.84203
107,75,1,0.89749
82,64,1,0.96259
80,104,2,0.93065
78,114,1,0.83271
65,72,1,0.7437
111,110,1,0.78788
61,102,1,0.84343
104,66,2,0.79892
64,63,1,0.56867
93,73,1,0.87544
83,72,2,0.92981
101,61,2,0.82038
66,96,1,0.57971
106,86,2,0.87486
94,115,1,0.76578
75,114,2,0.85351
78,65,1,0.77689
79,86,1,0.7112
89,120,1,0.76681
80,106,2,0.81054
98,95,1,0.72154
61,85,1,0.689
91,72,1,0.72173
73,84,1,0.68946
101,68,2,0.78758
66,114,1,0.73316
87,81,2,0.63412
72,69,1,0.70043
87,91,1,0.99606
92,117,1,0.72234
120,107,2,0.81011
84,98,2,0.69002
103,63,1,0.84258
95,83,2,0.82032
81,100,1,0.69006
65,66,2,0.80954
115,73,2,0.50317
112,64,2,0.72222
114,98,1,0.69951
85,72,2,0.62418
65,103,1,0.85385
79,99,1,0.84201
70,106,1,0.66764
85,76,1,0.88626
71,102,2,0.61296
62,114,1,0.62331
108,88,2,0.48119
78,63,1,0.65643
76,107,1,0.8318
105,81,2,0.64549
92,98,1,0.54689
115,120,2,0.6781
86,91,1,0.73286
92,76,2,0.95168
98,112,1,0.93165
111,106,2,0.77634
69,92,2,0.63424
107,74,2,0.95147
63,112,1,0.62342
97,81,2,0.64509
89,67,2,0.71134
85,74,2,0.59176
70,107,1,0.60147
98,63,2,0.8427
95,120,1,1.0061
72,112,1,0.61282
103,81,2,1.0946
106,74,2,0.65592
82,80,1,1.303
97,87,2,0.6669
95,94,1,0.90809
75,88,2,0.85336
86,93,2,0.79836
117,77,2,0.69984
119,110,1,0.68951
61,71,1,0.799
94,89,1,0.70006
92,81,2,0.74375
73,72,2,0.63448
116,61,2,0.78846
113,84,1,0.98539
69,79,2,0.91923
67,62,2,0.83182
116,64,2,0.63386
74,115,1,0.53592
110,101,2,1.0717
66,68,2,0.54755
104,72,2,0.7876
75,96,1,0.68943
114,95,2,0.59053
80,86,1,0.69975
120,77,2,0.634
68,99,1,0.70078
62,76,1,0.90779
67,110,1,0.49229
64,106,1,0.78695
97,75,1,1.0067
83,89,1,0.60178
74,77,1,0.62355
94,102,2,0.72282
99,82,2,0.83193
115,76,2,0.66776
75,68,2,0.72223
92,118,1,0.70061
103,89,2,0.59077
105,110,1,0.67882
108,84,2,0.73409
85,80,2,1.2902
95,69,1,0.68951
116,115,1,0.85414
112,101,1,0.92941
91,93,2,0.87571
106,66,2,0.83125
88,110,1,0.777
102,89,1,0.63437
118,68,2,1.3023
107,64,2,0.78757
72,120,1,1.1158
110,116,2,0.73322
106,65,1,0.75423
91,80,2,0.63479
67,64,2,0.60194
85,106,2,0.69992
102,62,2,0.54704
85,77,2,1.2697
91,92,2,1.0173
81,62,2,0.61229
99,69,1,0.91987
70,113,1,0.60203
118,95,2,1.0286
69,84,2,0.85299
71,85,1,0.81027
114,82,2,0.79901
80,89,1,0.63419
63,74,2,1.0933
110,120,1,0.71226
93,105,1,0.52515
68,112,1,0.68973
105,70,2,0.62359
82,74,2,0.7109
67,106,1,0.67866
102,109,1,0.56879
86,116,2,0.93032
67,74,2,0.66745
77,99,1,0.72195
116,63,2,0.64574
