<><><><><><><><> 
Begin: 21-Feb-2014 13:37:53 
Matlab version  8.2.0.701 (R2013b) 
Psychtoolbox version  3.0.11 - Flavor: beta - Corresponds to SVN Revision 4331
For more info visit:
https 
Subjid: s17 Run Number: 2 
<><><><><><><><> 
Columns info in data file: 
1. display side (left 1/right 0) 2. # indvd  3. # gend  
4. response (masc - 1 :: fem - 7) 5. RT  
<><><><><><><><> 
Columns info in (this) info file: 
1. Stimulus start time (from trial start) 2. Stimulus off-time(from stimulus start time) 
3. RT or max response duration, if no response (from stimulus start time) 
 
1.001 1.353 1.353 
0.350 1.204 1.204 
0.499 1.412 1.412 
0.249 1.192 1.192 
0.616 1.597 1.597 
0.467 1.170 1.170 
0.350 2.320 2.320 
0.367 1.499 1.499 
0.933 0.919 0.919 
0.750 1.181 1.181 
0.584 0.875 0.875 
0.935 2.275 2.275 
0.284 1.357 1.357 
0.800 0.787 0.787 
0.784 0.842 0.842 
0.651 1.740 1.740 
0.350 1.937 1.937 
0.684 0.909 0.909 
0.449 1.160 1.160 
0.317 0.776 0.776 
0.368 1.684 1.684 
0.918 1.772 1.772 
0.267 2.297 2.297 
0.400 2.604 2.604 
0.250 1.181 1.181 
0.551 0.865 0.865 
0.217 0.985 0.985 
0.918 1.773 1.773 
0.366 1.236 1.236 
0.283 0.842 0.842 
0.451 0.875 0.875 
0.567 1.664 1.664 
0.284 0.952 0.952 
1.001 0.624 0.624 
0.468 1.456 1.456 
0.433 1.346 1.346 
0.251 1.543 1.543 
0.434 1.532 1.532 
0.234 2.178 2.178 
0.601 1.029 1.029 
0.817 0.591 0.591 
0.702 1.258 1.258 
0.283 1.082 1.082 
0.267 1.607 1.607 
0.818 1.652 1.652 
0.934 1.280 1.280 
0.634 1.095 1.095 
0.284 1.051 1.051 
0.869 1.324 1.324 
0.467 0.788 0.788 
0.433 1.827 1.827 
0.801 1.346 1.346 
0.216 1.664 1.664 
0.233 3.238 3.238 
0.735 1.959 1.959 
0.684 1.182 1.182 
0.617 1.061 1.061 
0.785 1.269 1.269 
0.768 1.740 1.740 
0.833 1.127 1.127 
0.435 2.386 2.386 
0.751 1.029 1.029 
0.652 0.887 0.887 
0.518 0.919 0.919 
0.251 0.110 0.110 
0.834 1.247 1.247 
0.467 0.733 0.733 
0.684 0.788 0.788 
0.801 1.028 1.028 
0.285 0.909 0.909 
0.301 1.127 1.127 
0.651 2.177 2.177 
0.584 1.598 1.598 
0.918 2.615 2.615 
0.850 2.998 2.998 
0.785 0.952 0.952 
0.249 0.897 0.897 
0.267 1.335 1.335 
0.266 2.078 2.078 
0.835 2.495 2.495 
0.952 1.302 1.302 
0.752 1.028 1.028 
0.300 0.952 0.952 
0.784 1.112 1.112 
0.285 1.960 1.960 
0.300 1.617 1.617 
0.718 1.532 1.532 
0.467 0.767 0.767 
0.733 0.613 0.613 
0.802 0.744 0.744 
0.668 1.947 1.947 
0.801 1.347 1.347 
0.384 2.582 2.582 
0.783 1.947 1.947 
0.983 2.210 2.210 
0.901 1.170 1.170 
0.268 1.498 1.498 
0.501 0.810 0.810 
0.502 0.843 0.843 
0.750 0.864 0.864 
0.684 0.438 0.438 
0.833 2.898 2.898 
0.500 0.974 0.974 
0.367 1.510 1.510 
0.268 0.602 0.602 
0.819 1.827 1.827 
0.367 1.970 1.970 
0.518 2.099 2.099 
0.651 0.963 0.963 
0.385 0.810 0.810 
0.716 0.974 0.974 
0.583 1.303 1.303 
0.316 1.061 1.061 
0.834 1.313 1.313 
0.284 1.466 1.466 
0.434 1.674 1.674 
0.400 1.750 1.750 
0.634 0.995 0.995 
0.284 1.510 1.510 
0.533 0.984 0.984 
0.285 1.904 1.904 
0.300 1.347 1.347 
0.834 2.428 2.428 
0.434 1.279 1.279 
0.685 0.963 0.963 
0.967 1.226 1.226 
0.550 1.084 1.084 
0.751 1.028 1.028 
0.817 0.777 0.777 
0.552 1.106 1.106 
0.734 1.116 1.116 
0.284 0.941 0.941 
0.952 0.754 0.754 
0.350 1.553 1.553 
0.417 1.696 1.696 
0.834 1.105 1.105 
0.601 0.898 0.898 
0.818 1.632 1.632 
0.517 1.466 1.466 
0.418 0.986 0.986 
0.234 1.018 1.018 
0.734 0.974 0.974 
0.552 0.788 0.788 
0.567 1.422 1.422 
0.684 1.445 1.445 
0.250 1.171 1.171 
0.451 2.067 2.067 
0.818 1.444 1.444 
0.768 0.908 0.908 
0.300 1.357 1.357 
0.300 1.564 1.564 
0.284 1.423 1.423 
0.216 0.449 0.449 
0.535 0.712 0.712 
0.734 1.728 1.728 
0.785 0.923 0.923 
0.634 0.916 0.916 
0.285 1.621 1.621 
0.700 2.276 2.276 
0.300 1.214 1.214 
0.317 1.357 1.357 
0.284 1.181 1.181 
0.318 0.591 0.591 
0.334 0.766 0.766 
0.367 0.690 0.690 
0.451 0.821 0.821 
0.451 1.643 1.643 
0.384 0.955 0.955 
0.401 1.413 1.413 
0.917 1.665 1.665 
0.768 1.204 1.204 
0.650 1.652 1.652 
0.350 0.897 0.897 
0.367 1.170 1.170 
0.267 0.723 0.723 
0.934 3.634 3.634 
0.768 0.755 0.755 
0.651 0.602 0.602 
0.451 0.711 0.711 
0.334 0.689 0.689 
0.701 1.148 1.148 
1.001 0.844 0.844 
0.334 0.862 0.862 
0.401 0.914 0.914 
0.517 1.115 1.115 
0.267 1.061 1.061 
0.751 0.821 0.821 
0.517 0.843 0.843 
0.985 1.160 1.160 
0.517 1.127 1.127 
0.701 1.456 1.456 
0.334 0.733 0.733 
0.501 0.996 0.996 
0.333 0.965 0.965 
0.801 0.809 0.809 
0.902 1.565 1.565 
0.485 1.522 1.522 
0.751 2.188 2.188 
0.434 1.215 1.215 
0.634 1.138 1.138 
0.868 0.624 0.624 
0.683 0.886 0.886 
0.468 0.974 0.974 
0.434 1.139 1.139 
0.567 2.123 2.123 
0.533 0.821 0.821 
0.483 1.510 1.510 
0.651 1.149 1.149 
0.801 0.777 0.777 
0.551 3.229 3.229 
0.552 1.259 1.259 
0.301 1.467 1.467 
0.217 1.236 1.236 
0.435 0.942 0.942 
0.451 0.931 0.931 
0.718 4.005 4.459 
0.968 0.996 0.996 
0.951 1.017 1.017 
0.568 0.908 0.908 
0.400 0.777 0.777 
0.818 0.985 0.985 
0.818 1.291 1.291 
0.800 1.663 1.663 
0.801 0.963 0.963 
0.285 0.810 0.810 
0.751 0.624 0.624 
0.567 1.632 1.632 
0.368 1.193 1.193 
0.284 0.985 0.985 
0.868 0.908 0.908 
0.350 1.149 1.149 
0.333 1.641 1.641 
0.735 1.040 1.040 
0.919 0.920 0.920 
0.617 0.766 0.766 
0.768 0.832 0.832 
0.317 0.745 0.745 
0.967 0.787 0.787 
0.635 0.777 0.777 
0.752 0.734 0.734 
<><><><><><><><> 
Response (Std deviation):  2.14 
RT (mean):  1.29 
Consistency:  0.55 
<><><><><><><><> 
End: 21-Feb-2014 13:45:25 
