<><><><><><><><> 
Begin: 20-Feb-2014 09:09:56 
Matlab version  8.2.0.701 (R2013b) 
Psychtoolbox version  3.0.11 - Flavor: beta - Corresponds to SVN Revision 4331
For more info visit:
https 
Subjid: s16 Run Number: 1 
<><><><><><><><> 
Columns info in data file: 
1. display side (left 1/right 0) 2. # indvd  3. # gend  
4. response (masc - 1 :: fem - 7) 5. RT  
<><><><><><><><> 
Columns info in (this) info file: 
1. Stimulus start time (from trial start) 2. Stimulus off-time(from stimulus start time) 
3. RT or max response duration, if no response (from stimulus start time) 
 
1.001 3.992 5.330 
0.265 2.931 2.931 
0.417 2.418 2.418 
0.851 1.816 1.816 
0.234 2.330 2.330 
0.950 2.024 2.024 
0.785 2.373 2.373 
0.600 1.838 1.838 
0.667 1.476 1.476 
0.399 1.181 1.181 
0.566 3.839 3.839 
0.968 1.257 1.257 
0.635 1.794 1.794 
0.618 2.953 2.953 
0.384 1.619 1.619 
0.601 2.822 2.822 
0.700 2.221 2.221 
0.751 1.696 1.696 
0.517 3.172 3.172 
0.502 3.499 3.499 
1.000 1.334 1.334 
0.235 1.673 1.673 
0.918 1.608 1.608 
0.935 2.856 2.856 
0.833 1.171 1.171 
0.285 0.929 0.929 
0.417 1.641 1.641 
0.468 3.557 3.557 
0.750 3.478 3.478 
0.317 1.793 1.793 
0.785 3.993 4.277 
0.283 2.198 2.198 
0.733 3.983 4.622 
0.601 1.586 1.586 
0.834 2.013 2.013 
0.768 1.794 1.794 
0.933 3.370 3.370 
0.919 2.188 2.188 
0.467 1.476 1.476 
0.768 3.675 3.675 
0.367 1.619 1.619 
0.234 3.993 5.984 
0.800 3.392 3.392 
0.600 3.238 3.238 
0.585 3.993 4.562 
0.934 3.982 4.338 
0.685 3.019 3.019 
0.701 2.100 2.100 
0.884 2.538 2.538 
0.852 1.608 1.608 
0.667 1.466 1.466 
0.350 3.348 3.348 
0.399 2.341 2.341 
0.918 2.407 2.407 
0.233 2.297 2.297 
0.601 3.458 3.458 
0.335 1.706 1.706 
0.983 2.790 2.790 
0.768 2.812 2.812 
0.601 3.992 4.376 
0.584 1.695 1.695 
0.250 2.734 2.734 
0.752 3.675 3.675 
0.233 4.004 4.120 
0.267 3.127 3.127 
0.617 2.035 2.035 
0.284 2.833 2.833 
0.851 2.987 2.987 
0.851 1.948 1.948 
0.784 2.668 2.668 
0.318 2.515 2.515 
0.734 2.024 2.024 
0.618 2.035 2.035 
0.985 3.030 3.030 
0.717 2.339 2.339 
0.850 2.034 2.034 
0.567 3.993 4.508 
0.551 2.461 2.461 
0.868 3.642 3.642 
0.267 1.861 1.861 
0.317 3.027 3.027 
0.334 2.537 2.537 
0.517 2.582 2.582 
0.869 2.593 2.593 
0.851 3.358 3.358 
0.250 2.101 2.101 
0.518 2.078 2.078 
0.618 4.005 4.524 
0.534 3.052 3.052 
0.734 2.397 2.397 
0.702 1.226 1.226 
0.435 3.841 3.841 
0.551 2.449 2.449 
0.217 2.943 2.943 
0.984 2.307 2.307 
0.333 1.805 1.805 
0.284 0.919 0.919 
0.501 3.936 3.936 
0.367 1.269 1.269 
0.600 0.940 0.940 
0.468 3.654 3.654 
0.968 2.570 2.570 
0.935 2.834 2.834 
0.250 2.253 2.253 
0.801 3.040 3.040 
0.417 1.565 1.565 
0.533 1.028 1.028 
0.635 2.844 2.844 
0.951 1.880 1.880 
0.535 2.242 2.242 
0.984 1.871 1.871 
0.451 1.991 1.991 
0.769 2.363 2.363 
0.735 3.992 5.995 
0.635 1.728 1.728 
0.768 1.313 1.313 
0.734 1.488 1.488 
0.350 1.706 1.706 
0.300 1.105 1.105 
1.001 1.816 1.816 
0.335 1.903 1.903 
0.234 1.860 1.860 
0.650 2.035 2.035 
0.900 0.986 0.986 
0.734 1.290 1.290 
0.350 1.718 1.718 
0.502 1.072 1.072 
0.568 1.345 1.345 
0.985 2.615 2.615 
0.333 2.176 2.176 
0.885 2.801 2.801 
0.718 2.198 2.198 
0.500 2.769 2.769 
0.350 3.390 3.390 
0.551 3.390 3.390 
0.583 2.264 2.264 
0.299 1.389 1.389 
0.668 2.231 2.231 
0.383 1.860 1.860 
0.517 3.434 3.434 
0.668 3.620 3.620 
0.401 3.446 3.446 
0.434 3.993 4.694 
0.702 3.993 5.993 
0.416 2.274 2.274 
0.868 3.076 3.076 
0.984 1.674 1.674 
0.784 2.363 2.363 
0.484 1.422 1.422 
0.668 2.812 2.812 
0.283 2.494 2.494 
0.934 2.832 2.832 
0.902 1.980 1.980 
0.851 2.681 2.681 
0.416 1.651 1.651 
0.684 2.078 2.078 
0.218 4.002 5.999 
0.549 2.363 2.363 
0.452 1.696 1.696 
0.333 2.395 2.395 
0.350 1.214 1.214 
0.534 1.585 1.585 
0.284 1.849 1.849 
0.684 1.749 1.749 
0.584 1.793 1.793 
0.768 2.231 2.231 
0.768 3.019 3.019 
0.718 2.724 2.724 
0.234 2.570 2.570 
0.250 2.187 2.187 
0.451 1.706 1.706 
0.634 1.750 1.750 
0.733 1.367 1.367 
0.534 2.736 2.736 
0.851 3.205 3.205 
0.784 3.478 3.478 
0.983 1.564 1.564 
0.634 2.013 2.013 
0.467 3.129 3.129 
0.283 3.994 5.996 
0.684 1.334 1.334 
0.819 2.354 2.354 
0.550 1.870 1.870 
0.283 1.336 1.336 
0.417 1.870 1.870 
0.333 1.171 1.171 
0.434 2.633 2.633 
0.550 2.374 2.374 
0.618 1.991 1.991 
0.567 2.024 2.024 
0.901 3.501 3.501 
0.617 1.116 1.116 
0.951 2.724 2.724 
0.718 2.506 2.506 
0.969 3.765 3.765 
0.400 2.877 2.877 
0.751 3.992 5.986 
0.432 2.298 2.298 
0.735 2.691 2.691 
0.767 3.316 3.316 
0.250 2.024 2.024 
0.401 3.994 4.233 
0.384 2.724 2.724 
0.735 2.834 2.834 
0.884 3.184 3.184 
0.483 3.118 3.118 
0.834 2.746 2.746 
0.750 1.356 1.356 
0.200 1.324 1.324 
0.683 1.335 1.335 
0.517 1.751 1.751 
0.935 3.993 5.993 
0.200 1.477 1.477 
0.567 1.039 1.039 
0.534 1.533 1.533 
0.568 2.900 2.900 
0.818 2.986 2.986 
0.467 1.771 1.771 
0.834 1.815 1.815 
0.584 2.440 2.440 
0.235 2.515 2.515 
0.350 0.974 0.974 
0.785 1.280 1.280 
0.584 1.247 1.247 
0.333 0.875 0.875 
0.468 1.684 1.684 
0.685 1.651 1.651 
0.350 1.378 1.378 
0.801 2.013 2.013 
0.402 1.641 1.641 
0.935 1.848 1.848 
0.418 1.105 1.105 
0.818 1.345 1.345 
0.350 2.232 2.232 
0.435 1.181 1.181 
0.268 1.269 1.269 
0.668 2.560 2.560 
0.751 2.494 2.494 
0.634 3.593 3.593 
0.551 1.850 1.850 
<><><><><><><><> 
Response (Std deviation):  2.35 
RT (mean):  2.33 
Consistency:  0.93 
<><><><><><><><> 
End: 20-Feb-2014 09:22:13 
