77,83,2,2.9199
97,79,2,2.2394
111,75,2,2.2396
95,106,2,2.6875
113,104,2,2.864
110,118,1,3.6826
90,97,2,3.0156
117,83,2,2.1304
63,73,2,3.5297
103,115,1,3.2659
97,86,2,1.6386
81,83,1,2.5368
82,108,2,3.1348
120,83,2,1.8372
73,85,1,2.3507
110,63,2,2.4481
70,102,2,1.4649
69,93,2,2.3632
97,84,1,2.5894
80,93,2,3.0266
77,96,1,2.0541
61,95,1,3.6281
106,94,2,3.8356
91,86,1,3.9021
106,67,1,3.2677
84,89,1,3.9782
64,112,2,3.3218
116,92,2,2.6441
77,90,1,2.9392
86,68,2,3.2664
80,65,2,2.7638
115,66,1,3.4327
67,112,NaN,NaN
66,119,1,2.569
78,97,1,3.1575
107,68,1,3.104
110,111,2,2.121
98,80,NaN,NaN
66,63,1,3.7722
113,68,2,2.0772
91,79,2,1.8364
84,72,2,2.24
83,80,1,1.8361
67,90,1,1.4103
106,93,2,1.4441
91,61,2,2.2188
118,94,1,2.7556
81,79,2,2.4591
70,84,1,2.0222
95,91,2,2.218
88,108,2,2.2403
62,73,NaN,NaN
75,80,1,1.9562
106,71,2,2.9284
81,76,1,3.3643
117,69,1,2.4803
96,70,2,2.1092
77,102,2,2.6984
76,62,2,2.753
120,69,1,2.4147
118,109,2,1.7922
95,63,2,2.687
88,67,1,2.2632
119,82,2,1.9452
89,61,2,1.4861
90,65,2,1.6735
69,103,1,1.7259
102,115,1,1.6393
119,84,1,2.1628
67,71,1,2.4395
115,117,1,3.4357
64,119,1,2.2635
100,96,2,2.4368
117,88,1,3.4305
95,79,2,1.8473
106,61,1,1.9005
81,103,1,2.8089
106,65,2,3.0169
113,75,1,2.0214
95,78,2,1.8038
88,109,2,1.7706
78,94,1,2.3058
80,72,2,1.4532
74,62,2,2.3386
111,115,2,2.8512
67,83,2,2.1755
75,102,2,2.1197
105,70,2,1.9127
120,91,2,1.6492
74,113,1,1.6069
62,100,1,1.6934
78,108,1,1.8688
110,103,2,2.7754
108,114,2,1.9132
116,89,1,1.7267
110,86,2,2.7206
76,93,2,1.4764
89,107,2,1.5642
87,97,1,1.443
62,110,1,2.4596
79,117,1,2.3167
97,71,2,1.8569
61,88,1,2.1849
108,120,2,2.523
74,90,1,2.5136
112,82,NaN,NaN
63,99,1,0.84075
66,64,2,1.3661
84,71,2,1.6714
88,70,2,1.1255
104,66,2,1.662
115,118,1,1.3547
92,112,1,1.5295
82,64,2,1.7273
99,104,1,1.6618
86,72,2,1.6384
70,97,1,2.3393
93,120,1,1.4313
80,104,2,1.3875
116,87,2,1.8904
66,83,1,1.4532
108,99,1,1.4641
95,111,2,1.7043
115,74,1,2.1738
85,86,2,1.6173
66,87,1,2.1198
111,105,2,1.988
85,94,2,2.2518
67,119,2,2.8201
89,95,1,2.5477
78,66,2,3.1026
96,107,1,2.0324
115,64,2,1.4976
90,78,2,1.7817
72,97,1,3.529
106,98,1,1.9888
99,72,2,1.365
92,65,2,1.7593
115,86,2,1.5188
113,119,1,1.9015
69,109,1,1.6829
94,83,2,1.5506
63,109,2,1.5408
81,62,1,1.9876
65,112,1,1.3228
114,67,1,2.3617
94,100,1,2.1204
63,106,2,1.5294
66,114,1,1.6926
101,62,2,1.8136
86,70,2,1.18
83,63,1,1.5733
74,64,2,1.5943
73,93,2,1.081
80,85,2,1.6944
62,64,2,1.7368
113,92,2,1.8144
81,74,2,2.0095
119,99,1,1.5625
74,95,1,1.6391
86,117,1,1.9555
115,95,1,2.075
68,114,2,1.836
111,119,2,1.5306
117,77,2,2.0857
65,101,1,1.2775
91,78,2,2.0111
75,108,1,1.3438
104,72,2,1.4523
119,97,1,1.4532
72,75,1,1.4646
115,71,2,1.6501
108,89,1,1.4961
93,63,1,1.3871
109,120,1,2.6887
85,105,2,2.5901
101,114,1,1.8466
111,68,2,1.8025
116,110,2,1.485
74,117,1,1.1359
103,76,1,1.2565
104,71,2,1.1578
115,113,2,1.5623
64,120,1,1.366
102,62,2,1.4963
112,95,1,1.8238
74,103,1,1.8247
105,110,2,1.2891
115,106,1,1.3873
64,73,2,1.5077
119,70,2,1.6063
116,71,2,2.1534
112,73,1,1.268
119,75,1,1.4434
73,114,2,1.3112
66,68,2,1.6391
61,90,1,1.9117
102,106,1,1.4751
83,88,2,1.3774
84,96,1,1.8355
65,87,1,1.6725
102,111,1,1.1356
117,107,2,1.4743
110,119,2,1.4848
115,89,2,1.4856
80,69,2,1.5755
104,108,2,1.726
77,107,1,1.4635
100,88,1,1.7571
68,61,2,2.0456
77,71,2,1.6945
117,109,2,1.7397
79,113,2,2.2624
87,120,1,1.923
70,94,2,1.6059
65,105,1,1.6278
99,112,2,1.4432
89,86,1,2.0654
100,109,2,2.3919
75,61,1,2.2075
106,117,2,1.4969
85,102,2,1.3329
72,118,1,1.5175
73,99,1,1.6712
97,106,2,1.4208
78,110,1,1.3974
113,85,2,1.4314
107,63,2,1.5079
61,86,2,2.0647
99,106,2,1.311
61,115,1,0.90674
109,112,1,2.0542
74,106,2,1.1485
92,62,2,2.174
80,61,2,1.7369
95,71,1,1.3324
108,118,2,1.6393
93,84,1,1.3225
81,113,2,1.5619
68,85,NaN,NaN
99,113,NaN,NaN
116,68,2,1.5617
99,95,1,1.7149
116,80,2,0.99426
99,114,2,1.3428
62,107,1,1.8356
81,95,1,1.4963
66,110,1,1.9117
93,91,1,1.5506
103,64,2,1.2673
80,70,2,1.1914
107,90,1,1.0924
78,93,2,1.0378
80,117,1,1.5411
109,83,2,1.2463
90,75,2,1.1814
86,120,1,1.2457
111,97,1,1.2886
100,80,1,1.4539
91,99,1,1.301
92,63,2,1.3886
108,115,1,1.4531
111,92,1,2.3498
75,62,2,1.0382
86,108,1,1.0386
116,107,2,1.2892
102,103,1,1.0051
76,97,1,1.1263
86,111,2,1.2015
91,74,1,1.1575
117,114,2,1.0062
100,99,1,1.8365
88,73,2,1.2673
72,114,2,1.5738
68,87,2,1.0166
79,101,1,1.1691
73,75,1,2.6345
106,69,2,1.3439
65,100,1,1.4309
94,110,1,1.1824
81,61,2,1.6718
114,120,1,1.0168
86,96,1,1.5298
98,90,1,1.0486
116,112,2,1.279
63,82,1,2.1855
86,116,1,1.2896
84,65,2,2.0099
96,108,1,1.5198
76,117,1,1.1048
79,114,1,1.0816
103,73,2,1.2563
72,111,1,1.5106
115,77,2,1.3015
88,102,2,2.2201
