61,73,2,2.0007
72,108,1,0.85293
114,116,1,0.94261
63,113,2,1.3458
66,89,1,1.0063
77,75,2,1.0609
102,105,1,1.1593
115,84,2,1.0713
89,71,2,1.083
103,68,2,0.81953
91,111,1,0.70012
120,118,2,1.0715
85,78,1,0.75514
62,65,2,0.7001
78,83,2,0.74355
104,91,2,1.0395
97,120,2,1.4431
118,64,2,0.8314
67,79,2,0.89649
77,108,1,0.81023
73,67,2,0.95108
85,62,2,0.79914
64,91,1,1.2226
62,112,2,1.1427
61,93,2,0.73314
105,114,2,1.3564
116,72,2,1.4879
87,101,1,1.609
108,106,2,1.1152
109,92,2,0.88611
85,96,2,1.1151
80,106,2,0.98447
86,95,1,0.95117
61,111,2,1.1046
79,77,1,1.1694
96,64,2,0.83081
75,85,2,2.9963
98,83,2,2.7881
74,92,1,1.2691
119,62,2,1.0169
106,72,1,1.1592
68,64,2,1.3232
110,67,2,1.3669
75,81,2,1.3893
64,69,1,0.81995
72,120,1,1.2137
76,77,2,1.072
79,92,1,1.0826
87,72,2,1.5526
103,75,1,1.0939
64,71,2,2.0566
118,92,2,1.4539
89,68,2,1.3361
120,74,2,1.5537
64,72,2,1.095
116,88,2,1.1272
87,74,2,1.0722
113,69,2,1.2148
96,91,2,1.3461
94,102,2,0.87555
73,77,1,1.9703
62,95,1,1.3893
67,116,2,2.0247
66,74,2,1.7728
91,117,1,2.3518
110,79,2,2.9415
70,71,1,1.6841
118,98,1,1.7177
93,97,1,1.1713
65,64,1,1.2792
82,67,2,1.2259
75,69,1,1.2688
98,77,2,1.0177
84,90,1,1.0504
80,105,1,2.4159
100,101,1,0.86424
96,87,2,0.83244
104,61,1,1.4985
88,90,2,1.2928
89,111,2,0.9947
93,104,1,1.0502
114,96,2,1.0717
68,74,2,0.8421
78,105,1,0.90779
89,76,2,1.1917
112,80,1,1.0723
98,100,2,1.1488
109,91,2,0.78877
81,64,2,0.87499
69,104,2,0.93987
84,95,1,0.92099
96,90,1,1.4227
81,78,2,1.5106
71,61,2,1.4438
87,119,1,1.0059
89,101,2,0.94019
91,70,2,1.017
102,65,2,0.78775
120,119,2,1.2031
96,72,2,1.2252
115,94,2,1.1702
100,78,2,1.4213
70,69,1,1.4885
91,100,2,1.335
119,83,2,1.7843
114,63,1,1.9571
105,61,2,0.90743
114,89,1,1.0401
104,106,2,0.66721
82,89,1,0.82036
76,75,2,0.91935
71,92,2,0.80907
85,115,1,0.86343
95,100,1,0.94126
71,113,1,1.2793
62,77,2,1.7949
110,101,2,0.99471
96,65,2,0.7659
89,80,2,0.85288
77,91,2,1.0276
85,69,1,1.3235
96,119,2,1.3017
83,103,1,1.0158
61,78,2,1.3559
89,90,1,1.3663
66,97,1,2.1428
61,112,2,1.7056
71,69,1,1.2463
80,88,2,1.1381
104,119,1,1.1701
89,88,2,0.8097
112,102,2,0.71052
113,106,2,0.6018
118,78,2,1.2905
95,104,2,1.0612
109,99,1,1.2907
95,73,2,0.95208
106,81,1,1.0171
99,102,2,1.0052
112,114,2,1.3467
64,88,1,1.183
74,69,1,1.2481
78,84,1,1.3791
104,103,1,1.335
101,61,2,1.5415
102,120,1,1.1376
86,80,1,1.3019
88,97,1,1.3233
94,86,2,1.1042
100,61,2,1.0171
88,120,1,0.87453
93,86,2,0.77666
96,117,1,1.553
115,112,2,1.1483
82,97,2,1.1371
100,113,2,1.3449
116,83,2,1.4325
115,105,1,1.5745
112,96,2,1.0063
94,114,2,0.99535
119,116,1,1.7604
98,68,2,1.5316
89,87,2,0.80887
82,90,1,1.5413
95,83,2,1.2357
114,103,1,1.9257
73,81,2,1.4115
120,61,2,0.88674
86,98,1,2.1554
109,95,1,1.5312
81,80,1,1.9458
90,101,2,1.8155
75,82,1,2.2212
67,108,1,2.1022
100,85,2,2.2851
90,114,2,1.2143
70,99,1,1.3782
63,72,2,1.8587
108,65,2,2.5262
112,105,1,1.5087
92,107,2,3.653
76,94,2,1.1597
61,118,1,1.8055
95,69,2,2.1449
98,63,2,2.6126
116,94,2,1.9245
89,81,2,1.6411
120,73,2,1.1702
98,102,2,0.86401
100,67,1,0.7982
104,74,2,0.90812
76,67,1,0.84181
105,88,2,0.74356
111,79,2,0.78689
91,119,1,1.3116
73,83,2,0.87452
98,109,2,0.86347
117,105,2,1.0178
103,63,2,0.81968
82,107,1,0.76604
81,105,1,0.87457
63,120,1,0.80878
104,112,2,0.76638
100,84,2,0.66727
82,98,2,2.3292
92,95,2,1.3659
84,63,2,0.74299
100,77,1,1.3881
101,75,2,0.88526
73,71,1,1.4438
119,114,2,0.80884
111,101,2,0.80894
93,117,1,0.89665
69,78,2,0.64543
83,101,1,2.7435
110,69,2,1.2355
81,67,2,1.3889
119,63,1,0.99479
77,97,1,0.91876
119,108,1,1.1162
95,107,2,0.94135
68,91,2,0.7227
74,63,1,0.99549
61,97,2,0.98436
72,73,1,1.3994
96,116,1,2.6691
115,68,2,0.96249
116,64,2,1.0938
97,98,2,1.3997
62,114,2,1.3896
73,105,2,1.3449
82,113,2,1.2136
107,88,1,1.0275
76,96,1,0.99565
113,84,2,1.6185
86,99,1,0.93997
84,120,1,1.0491
87,73,1,1.1603
93,107,1,1.0938
66,67,2,0.85337
116,104,2,1.0282
117,85,2,1.2575
118,99,1,1.0726
100,90,1,0.93004
67,86,2,1.0617
99,62,2,1.3337
108,97,1,0.89665
105,109,2,0.91772
99,115,1,0.91943
80,92,2,1.0823
104,96,2,1.0175
72,92,2,1.0624
120,82,2,0.91856
73,91,1,1.0393
64,87,1,1.039
73,107,1,1.6952
90,118,2,0.96248
66,84,2,0.99594
107,76,2,1.0827
62,79,1,1.6191
61,63,2,0.94096
110,97,1,1.1918
62,78,2,0.76597
70,103,1,1.3345
80,73,2,1.2023
109,84,2,1.0606
82,117,2,1.6405
79,119,1,1.302
98,114,2,0.90786
83,62,1,1.279
93,92,1,0.95153
119,88,2,1.1584
86,71,1,1.0835
64,101,2,1.5641
93,62,1,1.1366
65,76,1,0.92966
88,82,2,1.0061
66,95,1,0.82052
100,63,2,1.5415
78,96,2,0.97424
87,103,2,1.1598
81,68,2,1.3125
107,83,2,1.1374
99,92,2,1.2908
108,113,1,1.0936
115,78,2,0.89628
74,70,2,1.137
105,66,2,0.81949
65,79,2,0.92982
80,87,2,1.0074
89,112,2,0.94005
83,105,1,0.82114
115,70,2,0.82066
111,113,1,0.98372
72,61,2,1.3448
