106,85,1,1.7817
113,89,2,1.4223
115,87,2,1.3561
102,104,1,0.9514
68,75,2,1.258
99,84,2,1.1161
86,83,2,1.5529
105,99,2,1.1926
97,89,1,1.5646
100,82,2,1.2586
97,80,2,1.4663
79,86,1,1.8164
82,109,2,1.2795
97,74,2,1.0385
107,104,1,1.6853
109,96,1,1.5199
111,112,2,0.99576
94,91,2,0.95184
64,105,1,0.73329
67,97,1,0.83123
91,116,1,1.0384
118,89,2,0.87557
92,73,2,0.97352
90,112,2,0.87467
118,74,2,1.1065
85,82,1,0.95468
111,90,2,1.0279
91,103,1,0.97492
66,107,2,0.89755
103,71,2,1.3463
67,115,1,1.1822
85,114,2,0.73198
92,68,2,1.2033
106,103,1,1.2364
118,82,1,1.3457
66,73,2,1.9466
104,89,2,1.116
91,112,1,1.4554
77,82,2,1.2363
71,79,1,1.1042
101,82,1,1.4874
97,69,2,1.1706
118,105,1,1.0606
114,65,2,0.89681
83,93,2,0.79862
66,117,1,1.1048
95,114,2,1.4768
70,85,1,1.1484
80,71,2,1.0822
88,66,2,0.96257
76,83,2,1.0723
85,64,2,1.2696
96,95,1,1.0951
118,104,1,0.90942
66,79,2,1.0392
80,82,2,1.2469
85,107,1,0.96245
87,83,2,1.7828
91,80,2,2.4511
98,113,2,1.6188
91,81,2,1.3126
72,65,2,1.1273
64,61,1,0.87608
68,97,1,0.87608
118,75,2,1.2043
111,81,2,0.98474
86,84,2,1.2042
99,103,2,1.204
80,62,1,1.0947
82,105,1,0.88593
92,91,1,0.93968
115,72,2,1.2794
62,82,1,1.51
108,92,1,2.2418
72,62,2,1.2149
113,117,1,1.0277
61,99,1,0.99614
107,80,2,1.0605
78,63,1,1.4759
108,61,2,1.0616
74,111,1,0.95176
64,80,1,1.2251
81,72,2,0.96247
111,82,2,1.4004
87,93,2,0.86447
61,117,2,1.3898
82,102,2,0.8091
94,65,2,0.83255
109,104,1,1.249
92,115,2,0.90757
72,113,1,1.2698
115,114,2,1.1375
106,110,1,1.1821
116,73,2,0.80918
111,107,2,1.269
64,86,2,0.85312
107,114,2,0.88608
110,89,2,0.95237
71,111,2,1.1821
80,68,2,1.958
73,82,1,1.8922
119,105,1,2.3951
84,94,2,2.0891
110,99,1,1.3678
85,79,1,1.3878
107,112,2,1.2895
63,116,1,1.3232
74,86,1,1.1163
67,70,2,0.84189
96,82,1,1.0285
75,79,2,1.0933
73,97,1,1.0072
77,68,2,1.0272
74,101,1,1.4437
62,89,2,0.88578
66,71,2,0.95203
87,117,1,0.75476
113,88,2,1.1053
81,109,2,1.0829
119,118,2,1.2367
77,116,2,1.6849
110,96,2,1.291
109,86,2,1.1709
75,112,1,1.1814
97,114,2,0.79782
109,77,2,1.0067
83,85,1,1.0059
112,77,2,1.2034
84,75,1,1.312
115,65,2,1.093
85,97,1,1.4761
61,66,2,0.77621
96,74,2,0.7224
101,70,2,0.7873
63,69,2,0.84222
103,82,1,0.94006
68,70,2,0.84234
118,81,2,1.1916
116,106,2,0.85265
112,83,2,1.1589
111,69,1,1.0503
94,77,1,0.94078
66,70,2,0.744
98,116,1,0.85291
88,76,1,1.1162
62,94,2,0.85279
102,89,1,1.3121
67,64,2,1.0386
76,68,2,1.0398
112,66,2,1.1269
109,93,2,0.89729
87,88,1,2.4935
85,95,1,0.88631
72,77,2,1.1268
98,91,1,1.2906
83,113,1,1.7066
95,105,2,1.4104
119,93,2,0.84172
98,94,2,1.1593
68,62,1,0.94067
109,64,2,1.0611
76,114,1,1.0829
70,90,1,1.127
65,66,1,1.4766
114,113,2,1.4642
112,106,2,1.6083
96,118,2,1.498
89,117,1,0.90776
93,71,1,1.3235
76,80,2,1.1162
67,63,2,1.3243
117,81,2,1.4982
67,87,2,1.3565
79,83,1,1.1815
97,116,2,1.4434
110,71,1,2.1541
85,87,1,1.3561
97,101,2,1.8919
73,79,1,1.138
76,109,1,2.2429
91,82,2,1.7383
115,63,2,0.77755
77,89,1,1.018
94,111,1,1.1938
67,69,2,1.0839
72,105,1,1.1721
70,112,2,1.1378
107,113,2,1.4667
72,76,1,1.1267
71,105,2,1.1925
66,118,1,1.0283
105,101,2,1.116
65,70,2,1.0062
62,86,1,1.093
99,66,2,1.1271
103,62,2,1.1263
102,119,1,1.0182
80,90,1,1.0278
70,63,2,0.95213
64,110,1,1.3461
86,66,2,3.2494
79,96,1,1.238
62,113,1,1.5638
82,83,2,0.83186
78,99,1,1.3443
82,81,2,0.78756
62,106,2,0.76579
68,119,1,0.9076
118,87,2,0.7882
86,63,2,1.2581
99,85,1,2.9746
65,71,2,1.2245
75,99,1,0.97285
104,90,1,0.82008
74,89,1,0.88634
99,77,2,1.4226
110,115,1,1.9579
105,113,2,1.7387
71,117,1,0.85321
67,98,1,0.85247
89,69,2,0.67801
85,110,2,1.2358
68,82,1,1.1597
107,100,2,1.4435
116,66,2,0.9301
114,75,2,1.1922
94,95,1,1.1916
72,89,1,1.3235
71,76,2,1.4984
99,82,2,1.1699
62,61,1,1.3677
88,79,2,1.0632
92,85,2,1.1615
73,70,2,1.1485
118,91,1,1.7726
105,77,2,1.4317
66,94,1,2.2116
101,69,2,2.0344
78,98,1,1.1049
104,115,1,0.98479
79,98,2,1.2685
69,119,2,1.3887
106,88,2,1.1374
86,103,1,1.1929
75,105,1,0.99498
87,108,2,1.1276
88,103,2,0.81998
75,117,1,0.97341
105,97,2,0.99549
115,101,2,1.0614
87,95,2,1.6507
82,70,2,1.4867
71,102,2,0.95164
66,90,1,0.89707
98,120,2,1.105
72,95,2,0.87465
98,107,2,1.006
63,91,2,0.9072
71,74,1,1.7505
100,72,2,1.3138
88,77,1,2.0674
115,116,2,1.116
77,78,2,1.115
66,85,2,0.91824
109,61,2,1.3892
95,68,2,1.5432
83,69,1,1.1373
107,106,2,1.1921
114,83,2,1.5092
95,98,1,0.81999
79,82,1,1.0942
113,77,2,1.1159
111,73,2,1.0281
95,110,2,1.0817
120,106,2,0.91906
100,111,2,1.6181
84,87,1,0.96273
73,104,1,1.0825
109,71,2,2.4388
102,78,1,1.2133
68,94,2,1.5646
102,100,1,0.87485
115,109,2,0.96264
62,69,1,0.98432
96,97,1,1.1367
119,117,1,1.0941
72,88,2,1.0067
73,96,1,1.2247
72,102,2,0.7215
66,93,2,0.83251
64,99,1,1.1474
76,105,1,2.3953
117,112,2,1.4338
86,100,1,0.90835
84,118,2,1.4767
