<><><><><><><><> 
Begin: 28-Nov-2014 13:23:32 
Matlab version  8.2.0.701 (R2013b) 
Psychtoolbox version  3.0.11 
Subjid: s62 Run Number: 1 
<><><><><><><><> 
Columns info in data file: 
1. left indvd 2. # right indvd  
3. response (left - 1 :: right - 2) 4. RT  
<><><><><><><><> 
Columns info in (this) info file: 
1. Stimulus start time (from trial start) 2. Stimulus off-time(from stimulus start time) 
3. RT or max response duration, if no response (from stimulus start time) 
 
1.001 3.320 3.320 
0.265 1.697 1.697 
0.600 1.904 1.904 
0.484 1.018 1.018 
0.400 1.403 1.403 
0.384 2.630 2.630 
0.233 1.249 1.249 
0.468 2.280 2.280 
0.216 1.863 1.863 
0.235 1.687 1.687 
0.417 1.391 1.391 
0.235 3.102 3.102 
0.534 1.161 1.161 
0.533 1.183 1.183 
0.484 0.887 0.887 
0.267 0.986 0.986 
0.467 0.755 0.755 
0.417 0.668 0.668 
0.584 1.600 1.600 
0.467 0.690 0.690 
0.518 2.431 2.431 
0.384 1.282 1.282 
0.368 0.691 0.691 
0.533 0.844 0.844 
0.233 0.756 0.756 
0.251 3.002 3.002 
0.268 0.876 0.876 
0.351 2.476 2.476 
0.534 0.679 0.679 
0.517 2.354 2.354 
0.234 2.301 2.301 
0.367 2.454 2.454 
0.417 0.975 0.975 
0.367 0.921 0.921 
0.467 0.591 0.591 
0.451 0.789 0.789 
0.318 0.899 0.899 
0.383 0.614 0.614 
0.216 1.172 1.172 
0.601 0.766 0.766 
0.267 0.877 0.877 
0.250 0.976 0.976 
0.351 0.767 0.767 
0.284 1.545 1.545 
0.400 2.783 2.783 
0.333 1.172 1.172 
0.583 2.257 2.257 
0.567 1.040 1.040 
0.217 1.403 1.403 
0.501 0.942 0.942 
0.317 2.167 2.167 
0.368 3.582 3.582 
0.417 2.705 2.705 
0.584 2.267 2.267 
0.368 1.676 1.676 
0.600 1.381 1.381 
0.316 1.172 1.172 
0.484 3.472 3.472 
0.467 1.149 1.149 
0.418 1.117 1.117 
0.483 0.899 0.899 
0.468 3.154 3.154 
0.266 1.118 1.118 
0.251 1.106 1.106 
0.601 0.690 0.690 
0.267 0.810 0.810 
0.217 0.723 0.723 
0.434 1.807 1.807 
0.551 1.358 1.358 
0.467 0.865 0.865 
0.284 0.613 0.613 
0.350 0.733 0.733 
0.384 0.384 0.384 
0.601 0.712 0.712 
0.266 0.472 0.472 
0.551 0.624 0.624 
0.467 0.636 0.636 
0.350 0.766 0.766 
0.284 0.701 0.701 
0.368 0.942 0.942 
0.400 0.744 0.744 
0.250 0.559 0.559 
0.434 1.698 1.698 
0.300 0.909 0.909 
0.350 1.325 1.325 
0.433 0.899 0.899 
0.300 0.625 0.625 
0.317 0.953 0.953 
0.451 0.756 0.756 
0.316 0.821 0.821 
0.533 1.305 1.305 
0.600 1.205 1.205 
0.500 0.471 0.471 
0.334 0.537 0.537 
0.434 1.480 1.480 
0.251 0.558 0.558 
0.567 2.487 2.487 
0.551 0.680 0.680 
0.533 0.767 0.767 
0.300 1.588 1.588 
0.433 1.139 1.139 
0.216 0.833 0.833 
0.367 0.559 0.559 
0.334 0.756 0.756 
0.268 1.292 1.292 
0.267 0.789 0.789 
0.367 0.864 0.864 
0.234 2.562 2.562 
0.450 0.876 0.876 
0.383 2.137 2.137 
0.483 0.855 0.855 
0.485 1.073 1.073 
0.451 2.036 2.036 
0.216 1.030 1.030 
0.234 0.734 0.734 
0.333 0.635 0.635 
0.417 3.220 3.220 
0.468 1.030 1.030 
0.368 0.822 0.822 
0.534 0.712 0.712 
0.483 1.479 1.479 
0.583 0.822 0.822 
0.417 0.855 0.855 
0.334 0.876 0.876 
0.250 3.111 3.111 
0.450 0.712 0.712 
0.518 1.117 1.117 
0.367 1.183 1.183 
0.234 0.547 0.547 
0.317 0.657 0.657 
0.267 0.559 0.559 
0.316 0.569 0.569 
0.383 0.701 0.701 
0.417 0.482 0.482 
0.383 3.998 5.999 
0.551 0.964 0.964 
0.417 0.822 0.822 
0.585 1.007 1.007 
0.451 0.581 0.581 
0.584 1.906 1.906 
0.300 2.091 2.091 
0.467 3.097 3.097 
0.317 1.150 1.150 
0.468 2.795 2.795 
0.483 1.226 1.226 
0.233 1.248 1.248 
0.300 1.808 1.808 
0.300 0.745 0.745 
0.467 0.900 0.900 
0.534 1.709 1.709 
0.334 1.325 1.325 
0.518 0.932 0.932 
0.468 1.020 1.020 
0.200 1.129 1.129 
0.450 1.370 1.370 
0.350 0.668 0.668 
0.568 0.624 0.624 
0.201 1.150 1.150 
0.384 0.646 0.646 
0.367 0.690 0.690 
0.384 0.460 0.460 
0.517 0.689 0.689 
0.334 0.559 0.559 
0.517 1.216 1.216 
0.384 0.614 0.614 
0.217 0.504 0.504 
0.267 0.931 0.931 
0.483 0.603 0.603 
0.399 1.719 1.719 
0.266 0.668 0.668 
0.334 2.312 2.312 
0.451 0.646 0.646 
0.283 0.778 0.778 
0.501 0.734 0.734 
0.300 2.486 2.486 
0.567 2.574 2.574 
0.317 1.808 1.808 
0.501 1.063 1.063 
0.283 0.931 0.931 
0.317 0.789 0.789 
0.234 0.809 0.809 
0.434 0.526 0.526 
0.484 0.921 0.921 
0.416 0.570 0.570 
0.366 0.504 0.504 
0.467 3.090 3.090 
0.466 1.927 1.927 
0.468 0.811 0.811 
0.450 0.734 0.734 
0.585 0.669 0.669 
0.284 0.821 0.821 
0.484 0.548 0.548 
0.300 0.613 0.613 
0.250 0.580 0.580 
0.450 1.951 1.951 
0.384 0.865 0.865 
0.384 1.020 1.020 
0.468 0.931 0.931 
0.517 0.755 0.755 
0.350 2.376 2.376 
0.468 0.503 0.503 
0.367 0.865 0.865 
0.534 1.063 1.063 
0.534 0.855 0.855 
0.301 1.610 1.610 
0.451 0.843 0.843 
0.434 0.647 0.647 
0.417 0.877 0.877 
0.551 2.146 2.146 
0.317 0.668 0.668 
0.334 0.942 0.942 
0.251 0.658 0.658 
0.584 0.570 0.570 
0.467 0.559 0.559 
0.400 0.767 0.767 
0.451 0.450 0.450 
0.418 1.247 1.247 
0.467 0.493 0.493 
0.418 0.614 0.614 
0.484 1.381 1.381 
0.417 1.117 1.117 
0.601 0.941 0.941 
0.284 0.800 0.800 
0.249 0.526 0.526 
0.250 0.997 0.997 
0.234 3.846 3.846 
0.367 0.876 0.876 
0.384 0.931 0.931 
0.351 0.976 0.976 
0.500 1.205 1.205 
0.451 1.105 1.105 
0.517 0.548 0.548 
0.567 0.701 0.701 
0.584 0.515 0.515 
0.284 2.026 2.026 
0.251 1.479 1.479 
0.483 0.756 0.756 
0.234 0.756 0.756 
0.417 0.811 0.811 
0.417 0.547 0.547 
0.551 0.767 0.767 
0.401 2.519 2.519 
0.367 1.249 1.249 
0.467 0.701 0.701 
0.501 0.011 0.011 
0.417 0.745 0.745 
0.334 0.985 0.985 
0.267 0.999 0.999 
0.434 0.767 0.767 
0.301 0.624 0.624 
0.217 1.019 1.019 
0.501 1.445 1.445 
0.301 0.810 0.810 
0.383 0.570 0.570 
0.483 1.292 1.292 
0.350 0.887 0.887 
0.500 0.526 0.526 
0.367 0.679 0.679 
0.467 0.515 0.515 
0.484 0.756 0.756 
0.384 0.591 0.591 
0.217 0.493 0.493 
0.334 0.493 0.493 
0.367 0.252 0.252 
0.317 0.646 0.646 
0.283 1.293 1.293 
0.533 0.985 0.985 
0.367 0.723 0.723 
0.551 0.919 0.919 
0.367 1.381 1.381 
0.517 0.701 0.701 
0.367 3.253 3.253 
0.533 1.796 1.796 
0.501 0.820 0.820 
0.350 1.610 1.610 
0.284 3.132 3.132 
0.517 0.963 0.963 
0.584 0.909 0.909 
0.334 0.722 0.722 
0.467 0.734 0.734 
0.384 2.213 2.213 
0.535 0.581 0.581 
0.517 1.117 1.117 
0.267 0.953 0.953 
0.551 1.478 1.478 
0.600 0.591 0.591 
0.400 0.624 0.624 
0.552 1.172 1.172 
0.434 0.667 0.667 
0.268 0.526 0.526 
0.284 0.920 0.920 
0.367 0.504 0.504 
0.501 0.865 0.865 
0.533 0.514 0.514 
0.517 1.348 1.348 
<><><><><><><><> 
RT (mean):  1.15 
Consistency:  0.07 
Self Consistency:  1.00 
<><><><><><><><> 
End: 28-Nov-2014 13:31:24 
