101,018,072,061,098
016,084,026,081,116
072,078,058,105,053
033,105,115,026,087
111,054,030,090,096
060,095,041,063,001
098,107,014,053,110
082,045,108,098,026
073,035,084,028,035
060,021,001,107,065
113,040,105,026,045
018,074,010,080,038
024,062,021,060,081
096,020,100,119,017
084,099,047,005,069
068,087,085,076,085
104,115,009,034,033
033,001,071,087,046
078,046,120,016,119
073,098,056,057,061
091,086,016,114,055
055,102,038,077,060
087,066,022,038,021
013,035,117,021,013
025,017,076,096,076
106,036,101,080,025
076,082,051,120,008
046,092,053,041,114
034,019,050,115,067
044,050,067,008,005
084,033,077,037,044
041,077,075,046,014
038,067,058,069,107
053,103,019,009,089
109,053,011,001,018
116,008,010,047,086
113,075,071,110,111
027,095,005,088,092
079,109,095,062,118
120,038,118,011,041
026,114,008,040,094
081,102,021,089,076
009,093,078,010,070
059,040,008,039,091
071,058,067,091,002
006,011,094,004,110
013,061,064,082,071
029,078,032,099,060
106,008,027,014,025
097,068,024,070,034
100,069,020,007,102
077,039,084,048,014
020,009,037,061,088
056,072,089,091,049
043,109,091,042,034
036,073,096,024,115
099,031,086,073,077
056,053,004,049,039
012,068,019,029,064
110,063,107,071,068
087,112,001,074,080
104,027,074,097,004
006,025,052,011,013
062,011,092,022,066
004,093,036,044,105
023,051,026,020,028
109,052,089,103,072
019,060,035,056,116
005,112,088,113,094
063,045,090,027,031
105,026,022,089,012
025,080,044,097,036
095,010,051,035,004
022,118,031,006,107
035,023,090,073,011
093,030,042,101,037
051,073,112,050,052
095,090,002,007,095
086,015,072,084,059
088,058,018,082,019
014,048,024,081,043
088,021,106,068,042
099,090,082,037,104
055,099,081,118,079
005,057,043,027,010
069,120,070,066,015
105,019,056,039,118
086,037,097,009,015
114,033,041,052,081
042,049,036,086,050
119,067,023,019,077
048,114,065,021,103
037,003,075,001,046
008,014,115,069,053
112,086,057,031,106
020,064,117,109,052
010,047,097,063,051
011,113,066,115,078
101,056,032,112,099
057,101,080,032,012
030,096,005,071,042
066,098,088,029,037
007,051,045,067,057
097,022,049,031,066
052,100,116,003,043
103,005,004,083,011
045,116,070,023,102
016,031,092,024,069
076,009,111,099,021
027,004,007,017,114
032,071,039,114,097
115,108,060,111,031
058,071,112,051,108
018,044,037,016,029
049,047,017,075,024
115,046,094,088,065
119,083,015,036,084
040,088,050,087,009
111,043,103,036,072
010,062,068,092,007
061,034,040,083,093
117,061,057,106,032
007,026,033,040,040
085,119,068,090,067
062,081,098,002,047
042,079,069,075,097
052,004,003,116,074
064,092,045,004,099
009,117,083,050,061
091,052,012,072,051
108,117,013,022,036
090,025,096,055,003
026,118,113,117,113
003,065,100,017,008
064,013,009,113,047
017,027,012,066,113
054,007,014,074,103
041,037,033,010,082
107,082,074,038,058
011,076,035,018,109
094,050,049,108,093
078,111,038,015,073
120,083,086,054,082
001,085,046,111,010
114,016,093,094,041
070,002,025,012,063
046,041,120,056,092
039,081,105,085,028
051,023,103,015,100
031,089,018,064,048
077,002,102,012,027
083,100,095,103,016
039,012,003,107,120
102,057,077,085,029
075,063,006,102,003
047,096,048,035,088
038,018,061,045,084
063,115,109,057,078
002,065,113,086,054
065,042,104,030,009
092,029,028,109,057
003,070,020,025,095
044,059,062,070,050
049,024,065,052,120
068,060,052,079,054
071,091,039,119,101
048,041,011,006,020
069,104,055,045,027
053,039,119,093,079
067,111,061,065,006
001,006,087,028,109
037,076,029,116,056
102,001,043,078,055
047,032,047,117,024
096,055,063,043,090
031,116,023,101,059
050,103,076,064,007
082,119,030,100,033
021,120,102,032,019
014,043,013,044,098
089,015,016,084,075
118,104,017,023,119
067,017,044,034,112
017,087,114,019,002
075,094,081,068,056
040,070,079,078,104
015,038,054,013,039
061,080,093,079,020
072,066,119,065,080
093,110,028,106,040
028,032,110,033,089
032,084,034,062,087
065,024,073,054,096
035,079,040,105,068
110,016,073,025,022
019,007,109,098,083
012,097,091,002,071
024,089,007,053,049
074,036,101,047,064
098,010,042,096,101
059,059,080,094,117
117,012,066,020,030
107,108,078,005,062
045,029,063,095,006
103,028,002,059,106
029,085,027,102,048
094,054,059,072,001
100,069,087,042,016
081,106,064,058,117
050,022,098,060,030
116,006,048,046,108
074,113,107,095,023
023,074,111,048,058
028,048,106,104,022
066,110,069,100,035
043,034,054,067,070
057,049,104,043,075
108,003,006,041,100
070,005,055,120,045
022,094,079,033,044
090,097,082,077,112
030,014,085,030,062
080,028,053,076,038
036,075,099,104,111
058,055,059,049,090
083,106,118,059,073
085,020,025,003,115
092,044,108,112,018
002,030,015,058,005
015,088,046,092,026
079,064,083,014,063
054,091,029,013,074
004,101,114,118,086
034,056,031,008,017
112,013,060,018,105
008,072,062,055,032
021,077,110,110,083
080,107,116,108,091
118,042,034,093,085
089,105,099,051,023
